0.001556396484375
0.014251708984375
-0.01715087890625
0.015045166015625
-0.00592041015625
0.01593017578125
-0.027130126953125
0.010528564453125
0.087127685546875
-0.238128662109375
0.3482666015625
-0.264617919921875
-0.062774658203125
0.51849365234375
-0.820281982421875
0.728179931640625
-0.192413330078125
-0.533111572265625
1.0618896484375
-1.068817138671875
0.530548095703125
0.293121337890625
-0.967926025390625
1.15966796875
-0.763336181640625
0.001953125
0.77117919921875
-1.147674560546875
0.95745849609375
-0.27471923828125
-0.536407470703125
1.08685302734375
-1.080108642578125
0.540069580078125
0.2802734375
-0.949127197265625
1.1485595703125
-0.763336181640625
0.001953125
0.77117919921875
-1.147674560546875
0.95745849609375
-0.27471923828125
-0.536407470703125
1.08685302734375
-1.080108642578125
0.540069580078125
0.2802734375
-0.949127197265625
1.1485595703125
-0.763336181640625
0.001953125
0.77117919921875
-1.147674560546875
0.95745849609375
-0.27471923828125
-0.536407470703125
1.08685302734375
-1.080108642578125
0.540069580078125
0.2802734375
-0.949127197265625
1.1485595703125
-0.763336181640625
0.001953125
0.77117919921875
-1.147674560546875
0.95745849609375
-0.27471923828125
-0.536407470703125
1.08685302734375
-1.080108642578125
0.540069580078125
0.2802734375
-0.949127197265625
1.1485595703125
-0.763336181640625
0.001953125
0.77117919921875
-1.147674560546875
0.95745849609375
-0.27471923828125
-0.536407470703125
1.08685302734375
-1.080108642578125
0.540069580078125
0.2802734375
-0.949127197265625
1.1485595703125
-0.763336181640625
0.001953125
0.77117919921875
-1.147674560546875
0.95745849609375
-0.27471923828125
-0.536407470703125
1.08685302734375
-1.080108642578125
0.540069580078125
0.2802734375
-0.949127197265625
1.1485595703125
-0.763336181640625
0.001953125
0.77117919921875
-1.147674560546875
0.95745849609375
-0.27471923828125
-0.536407470703125
1.08685302734375
-1.080108642578125
0.540069580078125
0.2802734375
-0.949127197265625
1.1485595703125
-0.763336181640625
0.001953125
0.77117919921875
-1.147674560546875
0.95745849609375
-0.27471923828125
-0.536407470703125
1.08685302734375
-1.080108642578125
0.540069580078125
0.2802734375
-0.949127197265625
1.1485595703125
-0.763336181640625
0.001953125
0.77117919921875
-1.147674560546875
0.95745849609375
-0.27471923828125
-0.536407470703125
1.08685302734375
-1.080108642578125
0.540069580078125
0.2802734375
-0.949127197265625
1.1485595703125
-0.763336181640625
0.001953125
0.77117919921875
-1.147674560546875
0.95745849609375
-0.27471923828125
-0.536407470703125
1.08685302734375
-1.080108642578125
0.540069580078125
0.2802734375
-0.949127197265625
1.1485595703125
-0.763336181640625
0.001953125
0.77117919921875
-1.147674560546875
0.95745849609375
-0.27471923828125
-0.536407470703125
1.08685302734375
-1.080108642578125
0.540069580078125
0.2802734375
-0.949127197265625
1.1485595703125
-0.763336181640625
0.001953125
0.77117919921875
-1.147674560546875
0.95745849609375
-0.27471923828125
-0.536407470703125
1.08685302734375
-1.080108642578125
0.540069580078125
0.2802734375
-0.949127197265625
1.1485595703125
-0.763336181640625
0.001953125
0.77117919921875
-1.147674560546875
0.95745849609375
-0.27471923828125
-0.536407470703125
1.08685302734375
-1.080108642578125
0.540069580078125
0.2802734375
-0.949127197265625
1.1485595703125
-0.763336181640625
0.001953125
0.77117919921875
-1.147674560546875
0.95745849609375
-0.27471923828125
-0.536407470703125
1.08685302734375
-1.080108642578125
0.540069580078125
0.2802734375
-0.949127197265625
1.1485595703125
-0.763336181640625
0.001953125
0.77117919921875
-1.147674560546875
0.95745849609375
-0.27471923828125
-0.536407470703125
1.08685302734375
-1.080108642578125
0.540069580078125
0.2802734375
-0.949127197265625
1.1485595703125
-0.763336181640625
0.001953125
0.77117919921875
-1.147674560546875
0.95745849609375
-0.27471923828125
-0.536407470703125
1.08685302734375
-1.080108642578125
0.540069580078125
0.2802734375
-0.949127197265625
1.1485595703125
-0.763336181640625
0.001953125
0.77117919921875
-1.147674560546875
0.95745849609375
-0.27471923828125
-0.536407470703125
1.08685302734375
-1.080108642578125
0.540069580078125
0.2802734375
-0.949127197265625
1.1485595703125
-0.763336181640625
0.001953125
0.77117919921875
-1.147674560546875
0.95745849609375
-0.27471923828125
-0.536407470703125
1.08685302734375
-1.080108642578125
0.540069580078125
0.2802734375
-0.949127197265625
1.1485595703125
-0.763336181640625
0.001953125
0.77117919921875
-1.147674560546875
0.95745849609375
-0.27471923828125
-0.536407470703125
1.08685302734375
-1.080108642578125
0.540069580078125
0.2802734375
-0.949127197265625
1.1485595703125
-0.763336181640625
0.001953125
0.77117919921875
-1.147674560546875
0.95745849609375
-0.27471923828125
-0.536407470703125
1.08685302734375
-1.080108642578125
0.540069580078125
0.2802734375
-0.949127197265625
1.1485595703125
-0.763336181640625
0.001953125
0.77117919921875
-1.147674560546875
0.95745849609375
-0.27471923828125
-0.536407470703125
1.08685302734375
-1.080108642578125
0.540069580078125
0.2802734375
-0.949127197265625
1.1485595703125
-0.763336181640625
0.001953125
0.77117919921875
-1.147674560546875
0.95745849609375
-0.27471923828125
-0.536407470703125
1.08685302734375
-1.080108642578125
0.540069580078125
0.2802734375
-0.949127197265625
1.1485595703125
-0.763336181640625
0.001953125
0.77117919921875
-1.147674560546875
0.95745849609375
-0.27471923828125
-0.536407470703125
1.08685302734375
-1.080108642578125
0.540069580078125
0.2802734375
-0.949127197265625
1.1485595703125
-0.763336181640625
0.001953125
0.77117919921875
-1.147674560546875
0.95745849609375
-0.27471923828125
-0.536407470703125
1.08685302734375
-1.080108642578125
0.540069580078125
0.2802734375
-0.949127197265625
1.1485595703125
-0.763336181640625
0.001953125
0.77117919921875
-1.147674560546875
0.95745849609375
-0.27471923828125
-0.536407470703125
1.08685302734375
-1.080108642578125
0.540069580078125
0.2802734375
-0.949127197265625
1.1485595703125
-0.763336181640625
0.001953125
0.77117919921875
-1.147674560546875
0.95745849609375
-0.27471923828125
-0.536407470703125
1.08685302734375
-1.080108642578125
0.540069580078125
0.2802734375
-0.949127197265625
1.1485595703125
-0.763336181640625
0.001953125
0.77117919921875
-1.147674560546875
0.95745849609375
-0.27471923828125
-0.536407470703125
1.08685302734375
-1.080108642578125
0.540069580078125
0.2802734375
-0.949127197265625
1.1485595703125
-0.763336181640625
0.001953125
0.77117919921875
-1.147674560546875
0.95745849609375
-0.27471923828125
-0.536407470703125
1.08685302734375
-1.080108642578125
0.540069580078125
0.2802734375
-0.949127197265625
1.1485595703125
-0.763336181640625
0.001953125
0.77117919921875
-1.147674560546875
0.95745849609375
-0.27471923828125
-0.536407470703125
1.08685302734375
-1.080108642578125
0.540069580078125
0.2802734375
-0.949127197265625
1.1485595703125
-0.763336181640625
0.001953125
0.77117919921875
-1.147674560546875
0.95745849609375
-0.27471923828125
-0.536407470703125
1.08685302734375
-1.080108642578125
0.540069580078125
0.2802734375
-0.949127197265625
1.1485595703125
-0.763336181640625
0.001953125
0.77117919921875
-1.147674560546875
0.95745849609375
-0.27471923828125
-0.536407470703125
1.08685302734375
-1.080108642578125
0.540069580078125
0.2802734375
-0.949127197265625
1.1485595703125
-0.763336181640625
0.001953125
0.77117919921875
-1.147674560546875
0.95745849609375
-0.27471923828125
-0.536407470703125
1.08685302734375
-1.080108642578125
0.540069580078125
0.2802734375
-0.949127197265625
1.1485595703125
-0.763336181640625
0.001953125
0.77117919921875
-1.147674560546875
0.95745849609375
-0.27471923828125
-0.536407470703125
1.08685302734375
-1.080108642578125
0.540069580078125
0.2802734375
-0.949127197265625
1.1485595703125
-0.763336181640625
0.001953125
0.77117919921875
-1.147674560546875
0.95745849609375
-0.27471923828125
-0.536407470703125
1.08685302734375
-1.080108642578125
0.540069580078125
0.2802734375
-0.949127197265625
1.1485595703125
-0.763336181640625
0.001953125
0.77117919921875
-1.147674560546875
0.95745849609375
-0.27471923828125
-0.536407470703125
1.08685302734375
-1.080108642578125
0.540069580078125
0.2802734375
-0.949127197265625
1.1485595703125
-0.763336181640625
0.001953125
0.77117919921875
-1.147674560546875
0.95745849609375
-0.27471923828125
-0.536407470703125
1.08685302734375
-1.080108642578125
0.540069580078125
0.2802734375
-0.949127197265625
1.1485595703125
-0.763336181640625
0.001953125
0.77117919921875
-1.147674560546875
0.95745849609375
-0.27471923828125
-0.536407470703125
1.08685302734375
-1.080108642578125
0.540069580078125
0.2802734375
-0.949127197265625
1.1485595703125
-0.763336181640625
0.001953125
0.77117919921875
-1.147674560546875
0.95745849609375
-0.27471923828125
-0.536407470703125
1.08685302734375
-1.080108642578125
0.540069580078125
0.2802734375
-0.949127197265625
1.1485595703125
-0.763336181640625
0.001953125
0.77117919921875
-1.147674560546875
0.95745849609375
-0.27471923828125
-0.536407470703125
1.08685302734375
-1.080108642578125
0.540069580078125
0.2802734375
-0.949127197265625
1.1485595703125
-0.763336181640625
0.001953125
0.77117919921875
-1.147674560546875
0.95745849609375
-0.27471923828125
-0.536407470703125
1.08685302734375
-1.080108642578125
0.540069580078125
0.2802734375
-0.949127197265625
1.1485595703125
-0.763336181640625
0.001953125
0.77117919921875
-1.147674560546875
0.95745849609375
-0.27471923828125
-0.536407470703125
1.08685302734375
-1.080108642578125
0.540069580078125
0.2802734375
-0.949127197265625
1.1485595703125
-0.763336181640625
0.001953125
0.77117919921875
-1.147674560546875
0.95745849609375
-0.27471923828125
-0.536407470703125
1.08685302734375
-1.080108642578125
0.540069580078125
0.2802734375
-0.949127197265625
1.1485595703125
-0.763336181640625
0.001953125
0.77117919921875
-1.147674560546875
0.95745849609375
-0.27471923828125
-0.536407470703125
1.08685302734375
-1.080108642578125
0.540069580078125
0.2802734375
-0.949127197265625
1.1485595703125
-0.763336181640625
0.001953125
0.77117919921875
-1.147674560546875
0.95745849609375
-0.27471923828125
-0.536407470703125
1.08685302734375
-1.080108642578125
0.540069580078125
0.2802734375
-0.949127197265625
1.1485595703125
-0.763336181640625
0.001953125
0.77117919921875
-1.147674560546875
0.95745849609375
-0.27471923828125
-0.536407470703125
1.08685302734375
-1.080108642578125
0.540069580078125
0.2802734375
-0.949127197265625
1.1485595703125
-0.763336181640625
0.001953125
0.77117919921875
-1.147674560546875
0.95745849609375
-0.27471923828125
-0.536407470703125
1.08685302734375
-1.080108642578125
0.540069580078125
0.2802734375
-0.949127197265625
1.1485595703125
-0.763336181640625
0.001953125
0.77117919921875
-1.147674560546875
0.95745849609375
-0.27471923828125
-0.536407470703125
1.08685302734375
-1.080108642578125
0.540069580078125
0.2802734375
-0.949127197265625
1.1485595703125
-0.763336181640625
0.001953125
0.77117919921875
-1.147674560546875
0.95745849609375
-0.27471923828125
-0.536407470703125
1.08685302734375
-1.080108642578125
0.540069580078125
0.2802734375
-0.949127197265625
1.1485595703125
-0.763336181640625
0.001953125
0.77117919921875
-1.147674560546875
0.95745849609375
-0.27471923828125
-0.536407470703125
1.08685302734375
-1.080108642578125
0.540069580078125
0.2802734375
-0.949127197265625
1.1485595703125
-0.763336181640625
0.001953125
0.77117919921875
-1.147674560546875
0.95745849609375
-0.27471923828125
-0.536407470703125
1.08685302734375
-1.080108642578125
0.540069580078125
0.2802734375
-0.949127197265625
1.1485595703125
-0.763336181640625
0.001953125
0.77117919921875
-1.147674560546875
0.95745849609375
-0.27471923828125
-0.536407470703125
1.08685302734375
-1.080108642578125
0.540069580078125
0.2802734375
-0.949127197265625
1.1485595703125
-0.763336181640625
0.001953125
0.77117919921875
-1.147674560546875
0.95745849609375
-0.27471923828125
-0.536407470703125
1.08685302734375
-1.080108642578125
0.540069580078125
0.2802734375
-0.949127197265625
1.1485595703125
-0.763336181640625
0.001953125
0.77117919921875
-1.147674560546875
0.95745849609375
-0.27471923828125
-0.536407470703125
1.08685302734375
-1.080108642578125
0.540069580078125
0.2802734375
-0.949127197265625
1.1485595703125
-0.763336181640625
0.001953125
0.77117919921875
-1.147674560546875
0.95745849609375
-0.27471923828125
-0.536407470703125
1.08685302734375
-1.080108642578125
0.540069580078125
0.2802734375
-0.949127197265625
1.1485595703125
-0.763336181640625
0.001953125
0.77117919921875
-1.147674560546875
0.95745849609375
-0.27471923828125
-0.536407470703125
1.08685302734375
-1.080108642578125
0.540069580078125
0.2802734375
-0.949127197265625
1.1485595703125
-0.763336181640625
0.001953125
0.77117919921875
-1.147674560546875
0.95745849609375
-0.27471923828125
-0.536407470703125
1.08685302734375
-1.080108642578125
0.540069580078125
0.2802734375
-0.949127197265625
1.1485595703125
-0.763336181640625
0.001953125
0.77117919921875
-1.147674560546875
0.95745849609375
-0.27471923828125
-0.536407470703125
1.08685302734375
-1.080108642578125
0.540069580078125
0.2802734375
-0.949127197265625
1.1485595703125
-0.763336181640625
0.001953125
0.77117919921875
-1.147674560546875
0.95745849609375
-0.27471923828125
-0.536407470703125
1.08685302734375
-1.080108642578125
0.540069580078125
0.2802734375
-0.949127197265625
1.1485595703125
-0.763336181640625
0.001953125
0.77117919921875
-1.147674560546875
0.95745849609375
-0.27471923828125
-0.536407470703125
1.08685302734375
-1.080108642578125
0.540069580078125
0.2802734375
-0.949127197265625
1.1485595703125
-0.763336181640625
0.001953125
0.77117919921875
-1.147674560546875
0.95745849609375
-0.27471923828125
-0.536407470703125
1.08685302734375
-1.080108642578125
0.540069580078125
0.2802734375
-0.949127197265625
1.1485595703125
-0.763336181640625
0.001953125
0.77117919921875
-1.147674560546875
0.95745849609375
-0.27471923828125
-0.536407470703125
1.08685302734375
-1.080108642578125
0.540069580078125
0.2802734375
-0.949127197265625
1.1485595703125
-0.763336181640625
0.001953125
0.77117919921875
-1.147674560546875
0.95745849609375
-0.27471923828125
-0.536407470703125
1.08685302734375
-1.080108642578125
0.540069580078125
0.2802734375
-0.949127197265625
1.1485595703125
-0.763336181640625
0.001953125
0.77117919921875
-1.147674560546875
0.95745849609375
-0.27471923828125
-0.536407470703125
1.08685302734375
-1.080108642578125
0.540069580078125
0.2802734375
-0.949127197265625
1.1485595703125
-0.763336181640625
0.001953125
0.77117919921875
-1.147674560546875
0.95745849609375
-0.27471923828125
-0.536407470703125
1.08685302734375
-1.080108642578125
0.540069580078125
0.2802734375
-0.949127197265625
1.1485595703125
-0.763336181640625
0.001953125
0.77117919921875
-1.147674560546875
0.95745849609375
-0.27471923828125
-0.536407470703125
1.08685302734375
-1.080108642578125
0.540069580078125
0.2802734375
-0.949127197265625
1.1485595703125
-0.763336181640625
0.001953125
0.77117919921875
-1.147674560546875
0.95745849609375
-0.27471923828125
-0.536407470703125
1.08685302734375
-1.080108642578125
0.540069580078125
0.2802734375
-0.949127197265625
1.1485595703125
-0.763336181640625
0.001953125
0.77117919921875
-1.147674560546875
0.95745849609375
-0.27471923828125
-0.536407470703125
1.08685302734375
-1.080108642578125
0.540069580078125
0.2802734375
-0.949127197265625
1.1485595703125
-0.763336181640625
0.001953125
0.77117919921875
-1.147674560546875
0.95745849609375
-0.27471923828125
-0.536407470703125
1.08685302734375
-1.080108642578125
0.540069580078125
0.2802734375
-0.949127197265625
1.1485595703125
-0.763336181640625
0.001953125
0.77117919921875
-1.147674560546875
0.95745849609375
-0.27471923828125
-0.536407470703125
1.08685302734375
-1.080108642578125
0.540069580078125
0.2802734375
-0.949127197265625
1.1485595703125
-0.763336181640625
0.001953125
0.77117919921875
-1.147674560546875
0.95745849609375
-0.27471923828125
-0.536407470703125
1.08685302734375
-1.080108642578125
0.540069580078125
0.2802734375
-0.949127197265625
1.1485595703125
-0.763336181640625
0.001953125
0.77117919921875
-1.147674560546875
0.95745849609375
-0.27471923828125
-0.536407470703125
1.08685302734375
-1.080108642578125
0.540069580078125
0.2802734375
-0.949127197265625
1.1485595703125
-0.763336181640625
0.001953125
0.77117919921875
-1.147674560546875
0.95745849609375
-0.27471923828125
-0.536407470703125
1.08685302734375
-1.080108642578125
0.540069580078125
0.2802734375
-0.949127197265625
1.1485595703125
-0.763336181640625
0.001953125
0.77117919921875
-1.147674560546875
0.95745849609375
-0.27471923828125
-0.536407470703125
1.08685302734375
-1.080108642578125
0.540069580078125
0.2802734375
-0.949127197265625
1.1485595703125
-0.763336181640625
0.001953125
0.77117919921875
-1.147674560546875
0.95745849609375
-0.27471923828125
-0.536407470703125
1.08685302734375
-1.080108642578125
0.540069580078125
0.2802734375
-0.949127197265625
1.1485595703125
-0.763336181640625
0.001953125
0.77117919921875
-1.147674560546875
0.95745849609375
-0.27471923828125
-0.536407470703125
1.08685302734375
-1.080108642578125
0.540069580078125
0.0
0.0
0.0
