11111001
11101010
11101111
00110101
11101000
00111101
00111100
11010100
00000100
11011100
00010001
11001011
11001100
11100001
00110001
00100011
00010110
11000101
11100101
00101100
00111100
00101010
00100100
11001101
00010010
00110001
11111101
00010110
00001111
00011000
11111100
00010111
11011011
11001000
00111110
00111100
00011111
00111011
11011010
11010100
00111101
11001111
00001001
11101000
00000011
11010001
00011001
00101110
11100101
11111001
11010000
11010100
00111110
00001110
11011110
00010001
11111111
11001110
11001100
11101001
00010110
00101010
00011011
11000010
11000110
11111011
00010001
11011101
00101000
11111011
11011010
11101000
11001001
00001110
00000111
11000110
11111010
11010010
11101110
11100001
00001010
11110110
00011011
00000110
11011110
11111111
00111110
11000110
11001001
00010011
11101100
11010010
00101001
11111100
00100011
00110111
11100001
11101110
11110000
11011111
11011001
11001001
11010010
00100110
00010101
00000100
11000011
11001001
11101101
11110001
11110111
00110011
11000111
00000100
11110011
11111010
00100110
00100110
11011110
00001110
00000000
11110101
11000110
11010000
11010100
11111101
00010110
11001010
11011011
00000111
00101000
11011011
00011000
00111000
11111000
11101101
00001110
00101111
00011001
11001100
11101001
00011001
00100100
11010010
00000001
00001110
11111110
00010101
11010111
11101100
00101010
00010101
11000011
00010010
11111000
00010000
00111010
00100000
11100000
00011011
11011110
11011101
00110001
00100011
00011000
11101101
00101101
11100000
11111010
00011011
11101110
00101111
11000100
00110100
00101010
11100011
11110010
00000000
00111111
11110111
00011011
00111010
00000000
11011011
00111100
00110001
11101011
11001100
00001100
00001111
00101001
11101100
00111111
11001111
11001010
11101011
11111111
11011010
00101110
00111100
