111100
110100
000100
111111
111100
000010
000111
111101
000110
110011
000000
001111
001101
000101
111101
001010
111110
111111
001111
111010
001011
000101
000010
111111
000110
111110
000000
001010
000011
000000
111110
000000
110110
110001
000100
110100
001110
110010
110101
001000
111101
111000
111001
110111
000111
000101
111101
111110
001100
111000
111110
111000
000011
110010
111101
001111
110111
110100
001011
001101
111001
111110
000011
000010
111001
000000
111010
001100
110110
001101
111000
111110
000010
111100
110010
000000
001110
001011
000111
000010
111000
000001
000011
000111
111110
000001
110011
000010
111011
110010
000100
110110
110110
000001
111000
110110
110111
110101
110011
000010
111111
111000
000000
110011
001100
110011
111001
000010
000010
111010
111100
000110
110100
000000
000110
110101
000001
001000
110111
001010
001110
110010
001011
110110
001011
110001
110001
111011
000100
000111
001011
001111
110111
111101
110011
000000
110001
001100
000101
111111
110001
110100
001011
001110
111000
111010
000010
000101
110101
000100
001011
110010
111111
001100
110001
000000
000001
001000
110001
001001
111101
000100
000111
110001
110011
110111
110110
110010
000111
111011
001101
111010
110010
001110
110100
110001
001011
001000
001001
110101
111110
111110
111001
000000
001110
111101
001101
001101
001111
000110
001100
110110
111101
001111
111000
000010
001101
001011
001000
111001
