11011011
11101000
00111011
00011101
11000011
00111100
11011100
11110010
00101010
00110111
11000010
00100000
00010110
00110011
00100001
11010111
00010001
11111111
11010001
00010011
00011111
11101101
11001010
00111001
11010001
00000100
00011010
00011101
11110000
00101110
00010100
00000100
11111111
00110111
00100010
11010101
00101000
11111100
00110011
11001001
11011000
00100111
00110001
11111100
11101111
11010010
00111110
11101101
00010110
00100010
00111011
11101010
11000001
00101110
11111110
11010011
11000011
00111000
11100111
00101010
00010000
11111110
00001101
11100010
00011001
00001000
00001111
00011010
11000010
11100010
00011111
00001101
11011100
00111111
11001010
11111000
11011100
11001011
11010100
00111000
00111101
11101100
11001000
11000100
11001000
00011000
00100100
00111110
00110101
00011100
11101110
11111100
11011001
00100001
11000010
11011111
11011111
00101111
00100001
00000001
11110001
00110100
11010001
11001001
11101101
11001001
11110010
00010010
11011000
00001010
00100100
00100011
00110100
11010000
11101111
11100000
00100010
00100011
00110011
00011111
11100011
00000101
11111010
00011100
00011001
11110101
00000010
11000110
11010101
11000110
00001001
11111110
00101110
00100011
11111111
00110010
11001100
11010110
00010111
00101111
00001111
00101000
00011110
11100001
00110001
00010010
00001000
11011010
11111101
00111100
11011101
11001111
11101010
11111001
11001101
11110101
00001010
11000101
11111000
00100011
00001011
00100011
00001000
11111000
11000110
00101100
11111101
11011000
00100000
11001010
11101100
00001101
00010011
00000000
00000010
11010110
11110100
11110011
11001011
11111000
00110110
00010100
11010000
11010010
11111110
00011101
11110000
11100001
00100100
11100010
11010101
11010011
00000001
11110010
11011111
11011100
11000111
00101001
11100001
00011101
