001101
000000
110011
111111
111110
111110
110010
000010
001001
001111
110110
001011
000001
000000
000000
001110
111101
111111
000010
111111
111110
001101
000000
110100
000011
001001
110001
110110
000110
111111
001110
111010
110010
110011
111010
000011
111000
000000
111101
000001
110010
000010
110110
000011
000101
000101
110101
110010
001000
000000
111100
000011
000101
111000
001110
110110
000000
000010
110101
111101
111000
111000
110110
001111
001110
111101
110001
111100
110110
111110
000011
111010
110011
110010
110010
110001
001000
110100
001101
111101
111010
000111
001010
001110
111111
000000
111110
000011
000111
000110
111011
000010
001010
111101
001101
111011
111010
110111
110100
111101
000111
000000
001011
110110
001111
111000
111111
000101
111010
110101
111111
001000
001010
111100
000000
001100
111000
001110
001110
111111
111111
000101
001101
000100
111110
000000
111001
111111
111111
111000
001001
000000
110010
000000
001100
000101
111001
001010
001100
110010
000011
000100
001100
001111
000101
001100
110001
110010
000110
000000
110110
111000
001010
111101
111110
111000
111110
000101
001110
111101
111110
001101
000111
000011
111010
001010
111010
001110
000000
001111
000101
110011
001010
000000
110100
001011
000011
110010
000010
000100
111111
001000
001000
001110
001100
110100
110011
000011
110001
001111
000100
111000
110010
111100
000101
111100
000010
000000
000100
110110
