00011
10100
10101
00110
11000
01101
11101
01010
00111
01010
00111
11100
00110
11111
11111
11001
11111
11001
11001
00110
10110
01011
11100
01100
11101
10110
00110
11100
11111
10101
00101
00011
00000
11011
00000
10011
11000
11011
11011
00011
11100
01100
11110
01011
00000
01100
10111
00101
10100
10111
00011
11000
00000
00100
11001
11011
01011
00010
00011
11101
01111
10010
01001
10111
11110
11000
11011
11100
01110
01011
00110
01101
01101
11001
10100
11010
01100
00100
01001
11101
01100
00111
00011
00100
11110
11011
11100
10110
11101
10111
10010
01000
11100
00000
10010
00101
11011
11101
11110
11100
11100
11000
00101
10110
10111
11011
01001
01100
10100
00001
11111
10101
11010
00011
11101
01010
00110
01111
00100
01111
11101
00100
01000
10100
11000
10011
00101
10001
10110
00000
10110
11110
10111
01010
00001
10010
10110
10111
01001
00000
11100
11100
00011
01111
00101
01110
00001
10010
11111
00110
01111
10110
00110
10001
01101
00111
01100
10011
10110
10100
10011
11101
00000
01111
00111
11000
00001
01110
01110
00110
11010
00110
10011
10111
10001
10100
10101
00111
01011
00100
11110
00101
00001
00010
01110
00000
01101
01000
10010
10100
11000
11000
11010
10010
00010
10101
10101
11010
11101
00100
