1111001
1101010
1101111
0110101
1101000
0111101
0111100
1010100
0000100
1011100
0010001
1001011
1001100
1100001
0110001
0100011
0010110
1000101
1100101
0101100
0111100
0101010
0100100
1001101
0010010
0110001
1111101
0010110
0001111
0011000
1111100
0010111
1011011
1001000
0111110
0111100
0011111
0111011
1011010
1010100
0111101
1001111
0001001
1101000
0000011
1010001
0011001
0101110
1100101
1111001
1010000
1010100
0111110
0001110
1011110
0010001
1111111
1001110
1001100
1101001
0010110
0101010
0011011
1000010
1000110
1111011
0010001
1011101
0101000
1111011
1011010
1101000
1001001
0001110
0000111
1000110
1111010
1010010
1101110
1100001
0001010
1110110
0011011
0000110
1011110
1111111
0111110
1000110
1001001
0010011
1101100
1010010
0101001
1111100
0100011
0110111
1100001
1101110
1110000
1011111
1011001
1001001
1010010
0100110
0010101
0000100
1000011
1001001
1101101
1110001
1110111
0110011
1000111
0000100
1110011
1111010
0100110
0100110
1011110
0001110
0000000
1110101
1000110
1010000
1010100
1111101
0010110
1001010
1011011
0000111
0101000
1011011
0011000
0111000
1111000
1101101
0001110
0101111
0011001
1001100
1101001
0011001
0100100
1010010
0000001
0001110
1111110
0010101
1010111
1101100
0101010
0010101
1000011
0010010
1111000
0010000
0111010
0100000
1100000
0011011
1011110
1011101
0110001
0100011
0011000
1101101
0101101
1100000
1111010
0011011
1101110
0101111
1000100
0110100
0101010
1100011
1110010
0000000
0111111
1110111
0011011
0111010
0000000
1011011
0111100
0110001
1101011
1001100
0001100
0001111
0101001
1101100
0111111
1001111
1001010
1101011
1111111
1011010
0101110
0111100
