11011001
01011011
00100010
01001101
10101010
11100100
00011000
10101101
10100110
01011011
01011101
11011011
00110111
11100110
11011101
10100101
10110011
10001111
00110111
10011110
00110000
10110001
00011111
01000000
01111011
01001010
10100101
01010010
10101100
11101011
00010010
10100101
10000011
10001111
00110101
01011110
00100110
00011101
01101110
00000001
01111000
01100011
11000111
11011110
10000011
11110000
11101011
11010011
01001011
10010011
00000110
00001101
11010100
10010110
00111001
01101010
11111001
01100001
00010000
10011011
01110111
00111011
11110110
11011111
11111101
11000110
11101100
01011110
10100010
01011111
00001110
01010001
11101001
00101110
01100001
11101011
00011110
01100101
00000010
01001100
01101111
01100110
01010011
10011100
10010101
11111111
00101010
10100000
01100000
10100011
10010110
11001110
01011100
00110111
11101000
00110110
11000001
11111101
01111111
01011010
10100010
01101111
00101011
11111110
01111110
00111111
11101111
00111000
10000101
11010111
01110011
00111011
11111100
00111111
10101011
00101111
00010011
01110010
01111010
01111000
00100101
10101011
00110011
10110001
11010101
00101010
10000110
01101100
01110100
10001110
00011100
00001001
11001000
00011110
00101111
11010101
00101100
01001110
11110100
01100010
11110000
10010001
10011010
01001111
11110101
10000111
00101100
11000011
00000000
00101011
00010110
11010000
01101110
01011100
10001100
01101011
01100101
11000100
00110000
11101000
00011000
11110101
01100010
01010010
00100111
10000101
00101101
11110101
01011000
00010110
11011000
11000000
00010010
10011110
10001110
01101100
10100010
01001100
11100101
00110010
00011010
00010000
01010001
00000110
10100111
00110001
10000110
00101010
10001000
10101111
00110001
00101101
11110110
11000100
01001110
11100110
11100101
10110011
11001110
01010010
