11011110
00110001
00100000
01000111
00000111
01110000
10010110
10010101
00100111
11010000
10111110
01011010
11011101
01000111
01100011
10110010
01110001
01101011
11011011
10000111
10101001
10010011
01111100
10010111
11001111
11001010
00111100
01011110
10101001
10110100
11101001
11010000
01100000
10111101
01001010
11110110
00001001
01010111
10010000
11111110
11100000
01000111
00110110
00011111
10110101
11111100
10110111
01001000
11101011
11110001
01000110
00111111
10001111
00100100
11000110
11101011
00001100
01100100
00011100
00010000
11011000
01001101
01100000
10100101
11010110
00011101
01001100
10011000
00001010
00110111
11110011
01011101
10101001
00111001
00011011
11000100
00010110
00001100
01100110
11011110
11011000
00110100
01100000
00000111
01011011
00000000
10111100
10101001
01011001
01101101
00001101
00011001
10101111
01101110
10100000
01011000
10111000
01011100
10110011
11000100
01001111
00010011
10001001
00000000
01111000
01011110
01101111
01101111
11011110
00101011
01110010
11001001
00110110
11000101
11111111
00111100
11011101
00010101
00010010
01011010
10010001
01000000
11001011
00111000
11110011
00011111
00000010
10100110
01110000
10001010
01110101
00001000
01001101
01010001
00000111
00001100
11010011
01101001
10111100
10101011
01001010
01111101
01000111
00111010
11001111
11100101
01000100
11100110
11011000
10000101
00001101
11011101
10011110
00010101
10010100
00010110
01111110
01011010
11011111
11000111
00011011
01101110
01111101
00110000
11000111
01000111
00110111
11110101
01001101
00010111
10011110
10111010
00110010
01001011
11000111
01010110
00100000
11011001
01101101
01101111
01000010
10101101
11110011
00000000
00000001
10100111
00011010
00100111
10001110
01000001
11110101
10100000
11100100
00101011
00001000
10011100
11000011
11100110
11110001
11001010
