1011011
1101000
0111011
0011101
1000011
0111100
1011100
1110010
0101010
0110111
1000010
0100000
0010110
0110011
0100001
1010111
0010001
1111111
1010001
0010011
0011111
1101101
1001010
0111001
1010001
0000100
0011010
0011101
1110000
0101110
0010100
0000100
1111111
0110111
0100010
1010101
0101000
1111100
0110011
1001001
1011000
0100111
0110001
1111100
1101111
1010010
0111110
1101101
0010110
0100010
0111011
1101010
1000001
0101110
1111110
1010011
1000011
0111000
1100111
0101010
0010000
1111110
0001101
1100010
0011001
0001000
0001111
0011010
1000010
1100010
0011111
0001101
1011100
0111111
1001010
1111000
1011100
1001011
1010100
0111000
0111101
1101100
1001000
1000100
1001000
0011000
0100100
0111110
0110101
0011100
1101110
1111100
1011001
0100001
1000010
1011111
1011111
0101111
0100001
0000001
1110001
0110100
1010001
1001001
1101101
1001001
1110010
0010010
1011000
0001010
0100100
0100011
0110100
1010000
1101111
1100000
0100010
0100011
0110011
0011111
1100011
0000101
1111010
0011100
0011001
1110101
0000010
1000110
1010101
1000110
0001001
1111110
0101110
0100011
1111111
0110010
1001100
1010110
0010111
0101111
0001111
0101000
0011110
1100001
0110001
0010010
0001000
1011010
1111101
0111100
1011101
1001111
1101010
1111001
1001101
1110101
0001010
1000101
1111000
0100011
0001011
0100011
0001000
1111000
1000110
0101100
1111101
1011000
0100000
1001010
1101100
0001101
0010011
0000000
0000010
1010110
1110100
1110011
1001011
1111000
0110110
0010100
1010000
1010010
1111110
0011101
1110000
1100001
0100100
1100010
1010101
1010011
0000001
1110010
1011111
1011100
1000111
0101001
1100001
0011101
