0.00146484375
0.01416015625
-0.017578125
0.0146484375
-0.00634765625
0.015625
-0.02783203125
0.01025390625
0.0869140625
-0.23876953125
0.34765625
-0.26513671875
-0.0634765625
0.51806640625
-0.82080078125
0.7275390625
-0.19287109375
-0.53369140625
1.06103515625
-1.0693359375
0.52978515625
0.29248046875
-0.96875
1.1591796875
-0.76416015625
0.00146484375
0.7705078125
-1.1484375
0.95703125
-0.275390625
-0.537109375
1.08642578125
-1.08056640625
0.53955078125
0.27978515625
-0.94970703125
1.14794921875
-0.76416015625
0.00146484375
0.7705078125
-1.1484375
0.95703125
-0.275390625
-0.537109375
1.08642578125
-1.08056640625
0.53955078125
0.27978515625
-0.94970703125
1.14794921875
-0.76416015625
0.00146484375
0.7705078125
-1.1484375
0.95703125
-0.275390625
-0.537109375
1.08642578125
-1.08056640625
0.53955078125
0.27978515625
-0.94970703125
1.14794921875
-0.76416015625
0.00146484375
0.7705078125
-1.1484375
0.95703125
-0.275390625
-0.537109375
1.08642578125
-1.08056640625
0.53955078125
0.27978515625
-0.94970703125
1.14794921875
-0.76416015625
0.00146484375
0.7705078125
-1.1484375
0.95703125
-0.275390625
-0.537109375
1.08642578125
-1.08056640625
0.53955078125
0.27978515625
-0.94970703125
1.14794921875
-0.76416015625
0.00146484375
0.7705078125
-1.1484375
0.95703125
-0.275390625
-0.537109375
1.08642578125
-1.08056640625
0.53955078125
0.27978515625
-0.94970703125
1.14794921875
-0.76416015625
0.00146484375
0.7705078125
-1.1484375
0.95703125
-0.275390625
-0.537109375
1.08642578125
-1.08056640625
0.53955078125
0.27978515625
-0.94970703125
1.14794921875
-0.76416015625
0.00146484375
0.7705078125
-1.1484375
0.95703125
-0.275390625
-0.537109375
1.08642578125
-1.08056640625
0.53955078125
0.27978515625
-0.94970703125
1.14794921875
-0.76416015625
0.00146484375
0.7705078125
-1.1484375
0.95703125
-0.275390625
-0.537109375
1.08642578125
-1.08056640625
0.53955078125
0.27978515625
-0.94970703125
1.14794921875
-0.76416015625
0.00146484375
0.7705078125
-1.1484375
0.95703125
-0.275390625
-0.537109375
1.08642578125
-1.08056640625
0.53955078125
0.27978515625
-0.94970703125
1.14794921875
-0.76416015625
0.00146484375
0.7705078125
-1.1484375
0.95703125
-0.275390625
-0.537109375
1.08642578125
-1.08056640625
0.53955078125
0.27978515625
-0.94970703125
1.14794921875
-0.76416015625
0.00146484375
0.7705078125
-1.1484375
0.95703125
-0.275390625
-0.537109375
1.08642578125
-1.08056640625
0.53955078125
0.27978515625
-0.94970703125
1.14794921875
-0.76416015625
0.00146484375
0.7705078125
-1.1484375
0.95703125
-0.275390625
-0.537109375
1.08642578125
-1.08056640625
0.53955078125
0.27978515625
-0.94970703125
1.14794921875
-0.76416015625
0.00146484375
0.7705078125
-1.1484375
0.95703125
-0.275390625
-0.537109375
1.08642578125
-1.08056640625
0.53955078125
0.27978515625
-0.94970703125
1.14794921875
-0.76416015625
0.00146484375
0.7705078125
-1.1484375
0.95703125
-0.275390625
-0.537109375
1.08642578125
-1.08056640625
0.53955078125
0.27978515625
-0.94970703125
1.14794921875
-0.76416015625
0.00146484375
0.7705078125
-1.1484375
0.95703125
-0.275390625
-0.537109375
1.08642578125
-1.08056640625
0.53955078125
0.27978515625
-0.94970703125
1.14794921875
-0.76416015625
0.00146484375
0.7705078125
-1.1484375
0.95703125
-0.275390625
-0.537109375
1.08642578125
-1.08056640625
0.53955078125
0.27978515625
-0.94970703125
1.14794921875
-0.76416015625
0.00146484375
0.7705078125
-1.1484375
0.95703125
-0.275390625
-0.537109375
1.08642578125
-1.08056640625
0.53955078125
0.27978515625
-0.94970703125
1.14794921875
-0.76416015625
0.00146484375
0.7705078125
-1.1484375
0.95703125
-0.275390625
-0.537109375
1.08642578125
-1.08056640625
0.53955078125
0.27978515625
-0.94970703125
1.14794921875
-0.76416015625
0.00146484375
0.7705078125
-1.1484375
0.95703125
-0.275390625
-0.537109375
1.08642578125
-1.08056640625
0.53955078125
0.27978515625
-0.94970703125
1.14794921875
-0.76416015625
0.00146484375
0.7705078125
-1.1484375
0.95703125
-0.275390625
-0.537109375
1.08642578125
-1.08056640625
0.53955078125
0.27978515625
-0.94970703125
1.14794921875
-0.76416015625
0.00146484375
0.7705078125
-1.1484375
0.95703125
-0.275390625
-0.537109375
1.08642578125
-1.08056640625
0.53955078125
0.27978515625
-0.94970703125
1.14794921875
-0.76416015625
0.00146484375
0.7705078125
-1.1484375
0.95703125
-0.275390625
-0.537109375
1.08642578125
-1.08056640625
0.53955078125
0.27978515625
-0.94970703125
1.14794921875
-0.76416015625
0.00146484375
0.7705078125
-1.1484375
0.95703125
-0.275390625
-0.537109375
1.08642578125
-1.08056640625
0.53955078125
0.27978515625
-0.94970703125
1.14794921875
-0.76416015625
0.00146484375
0.7705078125
-1.1484375
0.95703125
-0.275390625
-0.537109375
1.08642578125
-1.08056640625
0.53955078125
0.27978515625
-0.94970703125
1.14794921875
-0.76416015625
0.00146484375
0.7705078125
-1.1484375
0.95703125
-0.275390625
-0.537109375
1.08642578125
-1.08056640625
0.53955078125
0.27978515625
-0.94970703125
1.14794921875
-0.76416015625
0.00146484375
0.7705078125
-1.1484375
0.95703125
-0.275390625
-0.537109375
1.08642578125
-1.08056640625
0.53955078125
0.27978515625
-0.94970703125
1.14794921875
-0.76416015625
0.00146484375
0.7705078125
-1.1484375
0.95703125
-0.275390625
-0.537109375
1.08642578125
-1.08056640625
0.53955078125
0.27978515625
-0.94970703125
1.14794921875
-0.76416015625
0.00146484375
0.7705078125
-1.1484375
0.95703125
-0.275390625
-0.537109375
1.08642578125
-1.08056640625
0.53955078125
0.27978515625
-0.94970703125
1.14794921875
-0.76416015625
0.00146484375
0.7705078125
-1.1484375
0.95703125
-0.275390625
-0.537109375
1.08642578125
-1.08056640625
0.53955078125
0.27978515625
-0.94970703125
1.14794921875
-0.76416015625
0.00146484375
0.7705078125
-1.1484375
0.95703125
-0.275390625
-0.537109375
1.08642578125
-1.08056640625
0.53955078125
0.27978515625
-0.94970703125
1.14794921875
-0.76416015625
0.00146484375
0.7705078125
-1.1484375
0.95703125
-0.275390625
-0.537109375
1.08642578125
-1.08056640625
0.53955078125
0.27978515625
-0.94970703125
1.14794921875
-0.76416015625
0.00146484375
0.7705078125
-1.1484375
0.95703125
-0.275390625
-0.537109375
1.08642578125
-1.08056640625
0.53955078125
0.27978515625
-0.94970703125
1.14794921875
-0.76416015625
0.00146484375
0.7705078125
-1.1484375
0.95703125
-0.275390625
-0.537109375
1.08642578125
-1.08056640625
0.53955078125
0.27978515625
-0.94970703125
1.14794921875
-0.76416015625
0.00146484375
0.7705078125
-1.1484375
0.95703125
-0.275390625
-0.537109375
1.08642578125
-1.08056640625
0.53955078125
0.27978515625
-0.94970703125
1.14794921875
-0.76416015625
0.00146484375
0.7705078125
-1.1484375
0.95703125
-0.275390625
-0.537109375
1.08642578125
-1.08056640625
0.53955078125
0.27978515625
-0.94970703125
1.14794921875
-0.76416015625
0.00146484375
0.7705078125
-1.1484375
0.95703125
-0.275390625
-0.537109375
1.08642578125
-1.08056640625
0.53955078125
0.27978515625
-0.94970703125
1.14794921875
-0.76416015625
0.00146484375
0.7705078125
-1.1484375
0.95703125
-0.275390625
-0.537109375
1.08642578125
-1.08056640625
0.53955078125
0.27978515625
-0.94970703125
1.14794921875
-0.76416015625
0.00146484375
0.7705078125
-1.1484375
0.95703125
-0.275390625
-0.537109375
1.08642578125
-1.08056640625
0.53955078125
0.27978515625
-0.94970703125
1.14794921875
-0.76416015625
0.00146484375
0.7705078125
-1.1484375
0.95703125
-0.275390625
-0.537109375
1.08642578125
-1.08056640625
0.53955078125
0.27978515625
-0.94970703125
1.14794921875
-0.76416015625
0.00146484375
0.7705078125
-1.1484375
0.95703125
-0.275390625
-0.537109375
1.08642578125
-1.08056640625
0.53955078125
0.27978515625
-0.94970703125
1.14794921875
-0.76416015625
0.00146484375
0.7705078125
-1.1484375
0.95703125
-0.275390625
-0.537109375
1.08642578125
-1.08056640625
0.53955078125
0.27978515625
-0.94970703125
1.14794921875
-0.76416015625
0.00146484375
0.7705078125
-1.1484375
0.95703125
-0.275390625
-0.537109375
1.08642578125
-1.08056640625
0.53955078125
0.27978515625
-0.94970703125
1.14794921875
-0.76416015625
0.00146484375
0.7705078125
-1.1484375
0.95703125
-0.275390625
-0.537109375
1.08642578125
-1.08056640625
0.53955078125
0.27978515625
-0.94970703125
1.14794921875
-0.76416015625
0.00146484375
0.7705078125
-1.1484375
0.95703125
-0.275390625
-0.537109375
1.08642578125
-1.08056640625
0.53955078125
0.27978515625
-0.94970703125
1.14794921875
-0.76416015625
0.00146484375
0.7705078125
-1.1484375
0.95703125
-0.275390625
-0.537109375
1.08642578125
-1.08056640625
0.53955078125
0.27978515625
-0.94970703125
1.14794921875
-0.76416015625
0.00146484375
0.7705078125
-1.1484375
0.95703125
-0.275390625
-0.537109375
1.08642578125
-1.08056640625
0.53955078125
0.27978515625
-0.94970703125
1.14794921875
-0.76416015625
0.00146484375
0.7705078125
-1.1484375
0.95703125
-0.275390625
-0.537109375
1.08642578125
-1.08056640625
0.53955078125
0.27978515625
-0.94970703125
1.14794921875
-0.76416015625
0.00146484375
0.7705078125
-1.1484375
0.95703125
-0.275390625
-0.537109375
1.08642578125
-1.08056640625
0.53955078125
0.27978515625
-0.94970703125
1.14794921875
-0.76416015625
0.00146484375
0.7705078125
-1.1484375
0.95703125
-0.275390625
-0.537109375
1.08642578125
-1.08056640625
0.53955078125
0.27978515625
-0.94970703125
1.14794921875
-0.76416015625
0.00146484375
0.7705078125
-1.1484375
0.95703125
-0.275390625
-0.537109375
1.08642578125
-1.08056640625
0.53955078125
0.27978515625
-0.94970703125
1.14794921875
-0.76416015625
0.00146484375
0.7705078125
-1.1484375
0.95703125
-0.275390625
-0.537109375
1.08642578125
-1.08056640625
0.53955078125
0.27978515625
-0.94970703125
1.14794921875
-0.76416015625
0.00146484375
0.7705078125
-1.1484375
0.95703125
-0.275390625
-0.537109375
1.08642578125
-1.08056640625
0.53955078125
0.27978515625
-0.94970703125
1.14794921875
-0.76416015625
0.00146484375
0.7705078125
-1.1484375
0.95703125
-0.275390625
-0.537109375
1.08642578125
-1.08056640625
0.53955078125
0.27978515625
-0.94970703125
1.14794921875
-0.76416015625
0.00146484375
0.7705078125
-1.1484375
0.95703125
-0.275390625
-0.537109375
1.08642578125
-1.08056640625
0.53955078125
0.27978515625
-0.94970703125
1.14794921875
-0.76416015625
0.00146484375
0.7705078125
-1.1484375
0.95703125
-0.275390625
-0.537109375
1.08642578125
-1.08056640625
0.53955078125
0.27978515625
-0.94970703125
1.14794921875
-0.76416015625
0.00146484375
0.7705078125
-1.1484375
0.95703125
-0.275390625
-0.537109375
1.08642578125
-1.08056640625
0.53955078125
0.27978515625
-0.94970703125
1.14794921875
-0.76416015625
0.00146484375
0.7705078125
-1.1484375
0.95703125
-0.275390625
-0.537109375
1.08642578125
-1.08056640625
0.53955078125
0.27978515625
-0.94970703125
1.14794921875
-0.76416015625
0.00146484375
0.7705078125
-1.1484375
0.95703125
-0.275390625
-0.537109375
1.08642578125
-1.08056640625
0.53955078125
0.27978515625
-0.94970703125
1.14794921875
-0.76416015625
0.00146484375
0.7705078125
-1.1484375
0.95703125
-0.275390625
-0.537109375
1.08642578125
-1.08056640625
0.53955078125
0.27978515625
-0.94970703125
1.14794921875
-0.76416015625
0.00146484375
0.7705078125
-1.1484375
0.95703125
-0.275390625
-0.537109375
1.08642578125
-1.08056640625
0.53955078125
0.27978515625
-0.94970703125
1.14794921875
-0.76416015625
0.00146484375
0.7705078125
-1.1484375
0.95703125
-0.275390625
-0.537109375
1.08642578125
-1.08056640625
0.53955078125
0.27978515625
-0.94970703125
1.14794921875
-0.76416015625
0.00146484375
0.7705078125
-1.1484375
0.95703125
-0.275390625
-0.537109375
1.08642578125
-1.08056640625
0.53955078125
0.27978515625
-0.94970703125
1.14794921875
-0.76416015625
0.00146484375
0.7705078125
-1.1484375
0.95703125
-0.275390625
-0.537109375
1.08642578125
-1.08056640625
0.53955078125
0.27978515625
-0.94970703125
1.14794921875
-0.76416015625
0.00146484375
0.7705078125
-1.1484375
0.95703125
-0.275390625
-0.537109375
1.08642578125
-1.08056640625
0.53955078125
0.27978515625
-0.94970703125
1.14794921875
-0.76416015625
0.00146484375
0.7705078125
-1.1484375
0.95703125
-0.275390625
-0.537109375
1.08642578125
-1.08056640625
0.53955078125
0.27978515625
-0.94970703125
1.14794921875
-0.76416015625
0.00146484375
0.7705078125
-1.1484375
0.95703125
-0.275390625
-0.537109375
1.08642578125
-1.08056640625
0.53955078125
0.27978515625
-0.94970703125
1.14794921875
-0.76416015625
0.00146484375
0.7705078125
-1.1484375
0.95703125
-0.275390625
-0.537109375
1.08642578125
-1.08056640625
0.53955078125
0.27978515625
-0.94970703125
1.14794921875
-0.76416015625
0.00146484375
0.7705078125
-1.1484375
0.95703125
-0.275390625
-0.537109375
1.08642578125
-1.08056640625
0.53955078125
0.27978515625
-0.94970703125
1.14794921875
-0.76416015625
0.00146484375
0.7705078125
-1.1484375
0.95703125
-0.275390625
-0.537109375
1.08642578125
-1.08056640625
0.53955078125
0.27978515625
-0.94970703125
1.14794921875
-0.76416015625
0.00146484375
0.7705078125
-1.1484375
0.95703125
-0.275390625
-0.537109375
1.08642578125
-1.08056640625
0.53955078125
0.27978515625
-0.94970703125
1.14794921875
-0.76416015625
0.00146484375
0.7705078125
-1.1484375
0.95703125
-0.275390625
-0.537109375
1.08642578125
-1.08056640625
0.53955078125
0.27978515625
-0.94970703125
1.14794921875
-0.76416015625
0.00146484375
0.7705078125
-1.1484375
0.95703125
-0.275390625
-0.537109375
1.08642578125
-1.08056640625
0.53955078125
0.27978515625
-0.94970703125
1.14794921875
-0.76416015625
0.00146484375
0.7705078125
-1.1484375
0.95703125
-0.275390625
-0.537109375
1.08642578125
-1.08056640625
0.53955078125
0.27978515625
-0.94970703125
1.14794921875
-0.76416015625
0.00146484375
0.7705078125
-1.1484375
0.95703125
-0.275390625
-0.537109375
1.08642578125
-1.08056640625
0.53955078125
0.0
0.0
0.0
0.0
