00000000000110011
00000000111010010
11111110111001101
00000000111101010
11111111100111100
00000001000000111
11111110010000011
00000000101010101
00000101100100010
11110000101111111
00010110010010000
11101111000011010
11111011111101111
00100001001011010
11001011011111000
00101110100110011
11110011101010101
11011101110111001
01000011111100111
10111011100100011
00100001111011111
00010010101111010
11000010000001100
01001010001101000
11001111000111100
00000000000110010
00110001010101111
10110110100001001
00111101010001001
11101110011001001
11011101101001001
01000101100010111
10111010110101101
00100010100010110
00010001111010011
11000011001110100
01001001011111100
11001111000111100
00000000000110010
00110001010101111
10110110100001001
00111101010001001
11101110011001001
11011101101001001
01000101100010111
10111010110101101
00100010100010110
00010001111010011
11000011001110100
01001001011111100
11001111000111100
00000000000110010
00110001010101111
10110110100001001
00111101010001001
11101110011001001
11011101101001001
01000101100010111
10111010110101101
00100010100010110
00010001111010011
11000011001110100
01001001011111100
11001111000111100
00000000000110010
00110001010101111
10110110100001001
00111101010001001
11101110011001001
11011101101001001
01000101100010111
10111010110101101
00100010100010110
00010001111010011
11000011001110100
01001001011111100
11001111000111100
00000000000110010
00110001010101111
10110110100001001
00111101010001001
11101110011001001
11011101101001001
01000101100010111
10111010110101101
00100010100010110
00010001111010011
11000011001110100
01001001011111100
11001111000111100
00000000000110010
00110001010101111
10110110100001001
00111101010001001
11101110011001001
11011101101001001
01000101100010111
10111010110101101
00100010100010110
00010001111010011
11000011001110100
01001001011111100
11001111000111100
00000000000110010
00110001010101111
10110110100001001
00111101010001001
11101110011001001
11011101101001001
01000101100010111
10111010110101101
00100010100010110
00010001111010011
11000011001110100
01001001011111100
11001111000111100
00000000000110010
00110001010101111
10110110100001001
00111101010001001
11101110011001001
11011101101001001
01000101100010111
10111010110101101
00100010100010110
00010001111010011
11000011001110100
01001001011111100
11001111000111100
00000000000110010
00110001010101111
10110110100001001
00111101010001001
11101110011001001
11011101101001001
01000101100010111
10111010110101101
00100010100010110
00010001111010011
11000011001110100
01001001011111100
11001111000111100
00000000000110010
00110001010101111
10110110100001001
00111101010001001
11101110011001001
11011101101001001
01000101100010111
10111010110101101
00100010100010110
00010001111010011
11000011001110100
01001001011111100
11001111000111100
00000000000110010
00110001010101111
10110110100001001
00111101010001001
11101110011001001
11011101101001001
01000101100010111
10111010110101101
00100010100010110
00010001111010011
11000011001110100
01001001011111100
11001111000111100
00000000000110010
00110001010101111
10110110100001001
00111101010001001
11101110011001001
11011101101001001
01000101100010111
10111010110101101
00100010100010110
00010001111010011
11000011001110100
01001001011111100
11001111000111100
00000000000110010
00110001010101111
10110110100001001
00111101010001001
11101110011001001
11011101101001001
01000101100010111
10111010110101101
00100010100010110
00010001111010011
11000011001110100
01001001011111100
11001111000111100
00000000000110010
00110001010101111
10110110100001001
00111101010001001
11101110011001001
11011101101001001
01000101100010111
10111010110101101
00100010100010110
00010001111010011
11000011001110100
01001001011111100
11001111000111100
00000000000110010
00110001010101111
10110110100001001
00111101010001001
11101110011001001
11011101101001001
01000101100010111
10111010110101101
00100010100010110
00010001111010011
11000011001110100
01001001011111100
11001111000111100
00000000000110010
00110001010101111
10110110100001001
00111101010001001
11101110011001001
11011101101001001
01000101100010111
10111010110101101
00100010100010110
00010001111010011
11000011001110100
01001001011111100
11001111000111100
00000000000110010
00110001010101111
10110110100001001
00111101010001001
11101110011001001
11011101101001001
01000101100010111
10111010110101101
00100010100010110
00010001111010011
11000011001110100
01001001011111100
11001111000111100
00000000000110010
00110001010101111
10110110100001001
00111101010001001
11101110011001001
11011101101001001
01000101100010111
10111010110101101
00100010100010110
00010001111010011
11000011001110100
01001001011111100
11001111000111100
00000000000110010
00110001010101111
10110110100001001
00111101010001001
11101110011001001
11011101101001001
01000101100010111
10111010110101101
00100010100010110
00010001111010011
11000011001110100
01001001011111100
11001111000111100
00000000000110010
00110001010101111
10110110100001001
00111101010001001
11101110011001001
11011101101001001
01000101100010111
10111010110101101
00100010100010110
00010001111010011
11000011001110100
01001001011111100
11001111000111100
00000000000110010
00110001010101111
10110110100001001
00111101010001001
11101110011001001
11011101101001001
01000101100010111
10111010110101101
00100010100010110
00010001111010011
11000011001110100
01001001011111100
11001111000111100
00000000000110010
00110001010101111
10110110100001001
00111101010001001
11101110011001001
11011101101001001
01000101100010111
10111010110101101
00100010100010110
00010001111010011
11000011001110100
01001001011111100
11001111000111100
00000000000110010
00110001010101111
10110110100001001
00111101010001001
11101110011001001
11011101101001001
01000101100010111
10111010110101101
00100010100010110
00010001111010011
11000011001110100
01001001011111100
11001111000111100
00000000000110010
00110001010101111
10110110100001001
00111101010001001
11101110011001001
11011101101001001
01000101100010111
10111010110101101
00100010100010110
00010001111010011
11000011001110100
01001001011111100
11001111000111100
00000000000110010
00110001010101111
10110110100001001
00111101010001001
11101110011001001
11011101101001001
01000101100010111
10111010110101101
00100010100010110
00010001111010011
11000011001110100
01001001011111100
11001111000111100
00000000000110010
00110001010101111
10110110100001001
00111101010001001
11101110011001001
11011101101001001
01000101100010111
10111010110101101
00100010100010110
00010001111010011
11000011001110100
01001001011111100
11001111000111100
00000000000110010
00110001010101111
10110110100001001
00111101010001001
11101110011001001
11011101101001001
01000101100010111
10111010110101101
00100010100010110
00010001111010011
11000011001110100
01001001011111100
11001111000111100
00000000000110010
00110001010101111
10110110100001001
00111101010001001
11101110011001001
11011101101001001
01000101100010111
10111010110101101
00100010100010110
00010001111010011
11000011001110100
01001001011111100
11001111000111100
00000000000110010
00110001010101111
10110110100001001
00111101010001001
11101110011001001
11011101101001001
01000101100010111
10111010110101101
00100010100010110
00010001111010011
11000011001110100
01001001011111100
11001111000111100
00000000000110010
00110001010101111
10110110100001001
00111101010001001
11101110011001001
11011101101001001
01000101100010111
10111010110101101
00100010100010110
00010001111010011
11000011001110100
01001001011111100
11001111000111100
00000000000110010
00110001010101111
10110110100001001
00111101010001001
11101110011001001
11011101101001001
01000101100010111
10111010110101101
00100010100010110
00010001111010011
11000011001110100
01001001011111100
11001111000111100
00000000000110010
00110001010101111
10110110100001001
00111101010001001
11101110011001001
11011101101001001
01000101100010111
10111010110101101
00100010100010110
00010001111010011
11000011001110100
01001001011111100
11001111000111100
00000000000110010
00110001010101111
10110110100001001
00111101010001001
11101110011001001
11011101101001001
01000101100010111
10111010110101101
00100010100010110
00010001111010011
11000011001110100
01001001011111100
11001111000111100
00000000000110010
00110001010101111
10110110100001001
00111101010001001
11101110011001001
11011101101001001
01000101100010111
10111010110101101
00100010100010110
00010001111010011
11000011001110100
01001001011111100
11001111000111100
00000000000110010
00110001010101111
10110110100001001
00111101010001001
11101110011001001
11011101101001001
01000101100010111
10111010110101101
00100010100010110
00010001111010011
11000011001110100
01001001011111100
11001111000111100
00000000000110010
00110001010101111
10110110100001001
00111101010001001
11101110011001001
11011101101001001
01000101100010111
10111010110101101
00100010100010110
00010001111010011
11000011001110100
01001001011111100
11001111000111100
00000000000110010
00110001010101111
10110110100001001
00111101010001001
11101110011001001
11011101101001001
01000101100010111
10111010110101101
00100010100010110
00010001111010011
11000011001110100
01001001011111100
11001111000111100
00000000000110010
00110001010101111
10110110100001001
00111101010001001
11101110011001001
11011101101001001
01000101100010111
10111010110101101
00100010100010110
00010001111010011
11000011001110100
01001001011111100
11001111000111100
00000000000110010
00110001010101111
10110110100001001
00111101010001001
11101110011001001
11011101101001001
01000101100010111
10111010110101101
00100010100010110
00010001111010011
11000011001110100
01001001011111100
11001111000111100
00000000000110010
00110001010101111
10110110100001001
00111101010001001
11101110011001001
11011101101001001
01000101100010111
10111010110101101
00100010100010110
00010001111010011
11000011001110100
01001001011111100
11001111000111100
00000000000110010
00110001010101111
10110110100001001
00111101010001001
11101110011001001
11011101101001001
01000101100010111
10111010110101101
00100010100010110
00010001111010011
11000011001110100
01001001011111100
11001111000111100
00000000000110010
00110001010101111
10110110100001001
00111101010001001
11101110011001001
11011101101001001
01000101100010111
10111010110101101
00100010100010110
00010001111010011
11000011001110100
01001001011111100
11001111000111100
00000000000110010
00110001010101111
10110110100001001
00111101010001001
11101110011001001
11011101101001001
01000101100010111
10111010110101101
00100010100010110
00010001111010011
11000011001110100
01001001011111100
11001111000111100
00000000000110010
00110001010101111
10110110100001001
00111101010001001
11101110011001001
11011101101001001
01000101100010111
10111010110101101
00100010100010110
00010001111010011
11000011001110100
01001001011111100
11001111000111100
00000000000110010
00110001010101111
10110110100001001
00111101010001001
11101110011001001
11011101101001001
01000101100010111
10111010110101101
00100010100010110
00010001111010011
11000011001110100
01001001011111100
11001111000111100
00000000000110010
00110001010101111
10110110100001001
00111101010001001
11101110011001001
11011101101001001
01000101100010111
10111010110101101
00100010100010110
00010001111010011
11000011001110100
01001001011111100
11001111000111100
00000000000110010
00110001010101111
10110110100001001
00111101010001001
11101110011001001
11011101101001001
01000101100010111
10111010110101101
00100010100010110
00010001111010011
11000011001110100
01001001011111100
11001111000111100
00000000000110010
00110001010101111
10110110100001001
00111101010001001
11101110011001001
11011101101001001
01000101100010111
10111010110101101
00100010100010110
00010001111010011
11000011001110100
01001001011111100
11001111000111100
00000000000110010
00110001010101111
10110110100001001
00111101010001001
11101110011001001
11011101101001001
01000101100010111
10111010110101101
00100010100010110
00010001111010011
11000011001110100
01001001011111100
11001111000111100
00000000000110010
00110001010101111
10110110100001001
00111101010001001
11101110011001001
11011101101001001
01000101100010111
10111010110101101
00100010100010110
00010001111010011
11000011001110100
01001001011111100
11001111000111100
00000000000110010
00110001010101111
10110110100001001
00111101010001001
11101110011001001
11011101101001001
01000101100010111
10111010110101101
00100010100010110
00010001111010011
11000011001110100
01001001011111100
11001111000111100
00000000000110010
00110001010101111
10110110100001001
00111101010001001
11101110011001001
11011101101001001
01000101100010111
10111010110101101
00100010100010110
00010001111010011
11000011001110100
01001001011111100
11001111000111100
00000000000110010
00110001010101111
10110110100001001
00111101010001001
11101110011001001
11011101101001001
01000101100010111
10111010110101101
00100010100010110
00010001111010011
11000011001110100
01001001011111100
11001111000111100
00000000000110010
00110001010101111
10110110100001001
00111101010001001
11101110011001001
11011101101001001
01000101100010111
10111010110101101
00100010100010110
00010001111010011
11000011001110100
01001001011111100
11001111000111100
00000000000110010
00110001010101111
10110110100001001
00111101010001001
11101110011001001
11011101101001001
01000101100010111
10111010110101101
00100010100010110
00010001111010011
11000011001110100
01001001011111100
11001111000111100
00000000000110010
00110001010101111
10110110100001001
00111101010001001
11101110011001001
11011101101001001
01000101100010111
10111010110101101
00100010100010110
00010001111010011
11000011001110100
01001001011111100
11001111000111100
00000000000110010
00110001010101111
10110110100001001
00111101010001001
11101110011001001
11011101101001001
01000101100010111
10111010110101101
00100010100010110
00010001111010011
11000011001110100
01001001011111100
11001111000111100
00000000000110010
00110001010101111
10110110100001001
00111101010001001
11101110011001001
11011101101001001
01000101100010111
10111010110101101
00100010100010110
00010001111010011
11000011001110100
01001001011111100
11001111000111100
00000000000110010
00110001010101111
10110110100001001
00111101010001001
11101110011001001
11011101101001001
01000101100010111
10111010110101101
00100010100010110
00010001111010011
11000011001110100
01001001011111100
11001111000111100
00000000000110010
00110001010101111
10110110100001001
00111101010001001
11101110011001001
11011101101001001
01000101100010111
10111010110101101
00100010100010110
00010001111010011
11000011001110100
01001001011111100
11001111000111100
00000000000110010
00110001010101111
10110110100001001
00111101010001001
11101110011001001
11011101101001001
01000101100010111
10111010110101101
00100010100010110
00010001111010011
11000011001110100
01001001011111100
11001111000111100
00000000000110010
00110001010101111
10110110100001001
00111101010001001
11101110011001001
11011101101001001
01000101100010111
10111010110101101
00100010100010110
00010001111010011
11000011001110100
01001001011111100
11001111000111100
00000000000110010
00110001010101111
10110110100001001
00111101010001001
11101110011001001
11011101101001001
01000101100010111
10111010110101101
00100010100010110
00010001111010011
11000011001110100
01001001011111100
11001111000111100
00000000000110010
00110001010101111
10110110100001001
00111101010001001
11101110011001001
11011101101001001
01000101100010111
10111010110101101
00100010100010110
00010001111010011
11000011001110100
01001001011111100
11001111000111100
00000000000110010
00110001010101111
10110110100001001
00111101010001001
11101110011001001
11011101101001001
01000101100010111
10111010110101101
00100010100010110
00010001111010011
11000011001110100
01001001011111100
11001111000111100
00000000000110010
00110001010101111
10110110100001001
00111101010001001
11101110011001001
11011101101001001
01000101100010111
10111010110101101
00100010100010110
00010001111010011
11000011001110100
01001001011111100
11001111000111100
00000000000110010
00110001010101111
10110110100001001
00111101010001001
11101110011001001
11011101101001001
01000101100010111
10111010110101101
00100010100010110
00010001111010011
11000011001110100
01001001011111100
11001111000111100
00000000000110010
00110001010101111
10110110100001001
00111101010001001
11101110011001001
11011101101001001
01000101100010111
10111010110101101
00100010100010110
00010001111010011
11000011001110100
01001001011111100
11001111000111100
00000000000110010
00110001010101111
10110110100001001
00111101010001001
11101110011001001
11011101101001001
01000101100010111
10111010110101101
00100010100010110
00010001111010011
11000011001110100
01001001011111100
11001111000111100
00000000000110010
00110001010101111
10110110100001001
00111101010001001
11101110011001001
11011101101001001
01000101100010111
10111010110101101
00100010100010110
00010001111010011
11000011001110100
01001001011111100
11001111000111100
00000000000110010
00110001010101111
10110110100001001
00111101010001001
11101110011001001
11011101101001001
01000101100010111
10111010110101101
00100010100010110
00010001111010011
11000011001110100
01001001011111100
11001111000111100
00000000000110010
00110001010101111
10110110100001001
00111101010001001
11101110011001001
11011101101001001
01000101100010111
10111010110101101
00100010100010110
00010001111010011
11000011001110100
01001001011111100
11001111000111100
00000000000110010
00110001010101111
10110110100001001
00111101010001001
11101110011001001
11011101101001001
01000101100010111
10111010110101101
00100010100010110
00010001111010011
11000011001110100
01001001011111100
11001111000111100
00000000000110010
00110001010101111
10110110100001001
00111101010001001
11101110011001001
11011101101001001
01000101100010111
10111010110101101
00100010100010110
00010001111010011
11000011001110100
01001001011111100
11001111000111100
00000000000110010
00110001010101111
10110110100001001
00111101010001001
11101110011001001
11011101101001001
01000101100010111
10111010110101101
00100010100010110
00010001111010011
11000011001110100
01001001011111100
