0000000000
0000000010
1111111100
0000000001
1111111110
0000000100
1111110110
0000000100
0000010010
1111000011
0001011000
1110111010
1111110000
0010000010
1100101101
0010111010
1111001010
1101111001
0100001011
1011101110
0010000111
0001000111
1100000111
0100100110
1100111011
1111111110
0011000011
1011011001
0011110011
1110111000
1101110101
0100010100
1011101010
0010001000
0001000110
1100001011
0100100011
1100111011
1111111110
0011000011
1011011001
0011110011
1110111000
1101110101
0100010100
1011101010
0010001000
0001000110
1100001011
0100100011
1100111011
1111111110
0011000011
1011011001
0011110011
1110111000
1101110101
0100010100
1011101010
0010001000
0001000110
1100001011
0100100011
1100111011
1111111110
0011000011
1011011001
0011110011
1110111000
1101110101
0100010100
1011101010
0010001000
0001000110
1100001011
0100100011
1100111011
1111111110
0011000011
1011011001
0011110011
1110111000
1101110101
0100010100
1011101010
0010001000
0001000110
1100001011
0100100011
1100111011
1111111110
0011000011
1011011001
0011110011
1110111000
1101110101
0100010100
1011101010
0010001000
0001000110
1100001011
0100100011
1100111011
1111111110
0011000011
1011011001
0011110011
1110111000
1101110101
0100010100
1011101010
0010001000
0001000110
1100001011
0100100011
1100111011
1111111110
0011000011
1011011001
0011110011
1110111000
1101110101
0100010100
1011101010
0010001000
0001000110
1100001011
0100100011
1100111011
1111111110
0011000011
1011011001
0011110011
1110111000
1101110101
0100010100
1011101010
0010001000
0001000110
1100001011
0100100011
1100111011
1111111110
0011000011
1011011001
0011110011
1110111000
1101110101
0100010100
1011101010
0010001000
0001000110
1100001011
0100100011
1100111011
1111111110
0011000011
1011011001
0011110011
1110111000
1101110101
0100010100
1011101010
0010001000
0001000110
1100001011
0100100011
1100111011
1111111110
0011000011
1011011001
0011110011
1110111000
1101110101
0100010100
1011101010
0010001000
0001000110
1100001011
0100100011
1100111011
1111111110
0011000011
1011011001
0011110011
1110111000
1101110101
0100010100
1011101010
0010001000
0001000110
1100001011
0100100011
1100111011
1111111110
0011000011
1011011001
0011110011
1110111000
1101110101
0100010100
1011101010
0010001000
0001000110
1100001011
0100100011
1100111011
1111111110
0011000011
1011011001
0011110011
1110111000
1101110101
0100010100
1011101010
0010001000
0001000110
1100001011
0100100011
1100111011
1111111110
0011000011
1011011001
0011110011
1110111000
1101110101
0100010100
1011101010
0010001000
0001000110
1100001011
0100100011
1100111011
1111111110
0011000011
1011011001
0011110011
1110111000
1101110101
0100010100
1011101010
0010001000
0001000110
1100001011
0100100011
1100111011
1111111110
0011000011
1011011001
0011110011
1110111000
1101110101
0100010100
1011101010
0010001000
0001000110
1100001011
0100100011
1100111011
1111111110
0011000011
1011011001
0011110011
1110111000
1101110101
0100010100
1011101010
0010001000
0001000110
1100001011
0100100011
1100111011
1111111110
0011000011
1011011001
0011110011
1110111000
1101110101
0100010100
1011101010
0010001000
0001000110
1100001011
0100100011
1100111011
1111111110
0011000011
1011011001
0011110011
1110111000
1101110101
0100010100
1011101010
0010001000
0001000110
1100001011
0100100011
1100111011
1111111110
0011000011
1011011001
0011110011
1110111000
1101110101
0100010100
1011101010
0010001000
0001000110
1100001011
0100100011
1100111011
1111111110
0011000011
1011011001
0011110011
1110111000
1101110101
0100010100
1011101010
0010001000
0001000110
1100001011
0100100011
1100111011
1111111110
0011000011
1011011001
0011110011
1110111000
1101110101
0100010100
1011101010
0010001000
0001000110
1100001011
0100100011
1100111011
1111111110
0011000011
1011011001
0011110011
1110111000
1101110101
0100010100
1011101010
0010001000
0001000110
1100001011
0100100011
1100111011
1111111110
0011000011
1011011001
0011110011
1110111000
1101110101
0100010100
1011101010
0010001000
0001000110
1100001011
0100100011
1100111011
1111111110
0011000011
1011011001
0011110011
1110111000
1101110101
0100010100
1011101010
0010001000
0001000110
1100001011
0100100011
1100111011
1111111110
0011000011
1011011001
0011110011
1110111000
1101110101
0100010100
1011101010
0010001000
0001000110
1100001011
0100100011
1100111011
1111111110
0011000011
1011011001
0011110011
1110111000
1101110101
0100010100
1011101010
0010001000
0001000110
1100001011
0100100011
1100111011
1111111110
0011000011
1011011001
0011110011
1110111000
1101110101
0100010100
1011101010
0010001000
0001000110
1100001011
0100100011
1100111011
1111111110
0011000011
1011011001
0011110011
1110111000
1101110101
0100010100
1011101010
0010001000
0001000110
1100001011
0100100011
1100111011
1111111110
0011000011
1011011001
0011110011
1110111000
1101110101
0100010100
1011101010
0010001000
0001000110
1100001011
0100100011
1100111011
1111111110
0011000011
1011011001
0011110011
1110111000
1101110101
0100010100
1011101010
0010001000
0001000110
1100001011
0100100011
1100111011
1111111110
0011000011
1011011001
0011110011
1110111000
1101110101
0100010100
1011101010
0010001000
0001000110
1100001011
0100100011
1100111011
1111111110
0011000011
1011011001
0011110011
1110111000
1101110101
0100010100
1011101010
0010001000
0001000110
1100001011
0100100011
1100111011
1111111110
0011000011
1011011001
0011110011
1110111000
1101110101
0100010100
1011101010
0010001000
0001000110
1100001011
0100100011
1100111011
1111111110
0011000011
1011011001
0011110011
1110111000
1101110101
0100010100
1011101010
0010001000
0001000110
1100001011
0100100011
1100111011
1111111110
0011000011
1011011001
0011110011
1110111000
1101110101
0100010100
1011101010
0010001000
0001000110
1100001011
0100100011
1100111011
1111111110
0011000011
1011011001
0011110011
1110111000
1101110101
0100010100
1011101010
0010001000
0001000110
1100001011
0100100011
1100111011
1111111110
0011000011
1011011001
0011110011
1110111000
1101110101
0100010100
1011101010
0010001000
0001000110
1100001011
0100100011
1100111011
1111111110
0011000011
1011011001
0011110011
1110111000
1101110101
0100010100
1011101010
0010001000
0001000110
1100001011
0100100011
1100111011
1111111110
0011000011
1011011001
0011110011
1110111000
1101110101
0100010100
1011101010
0010001000
0001000110
1100001011
0100100011
1100111011
1111111110
0011000011
1011011001
0011110011
1110111000
1101110101
0100010100
1011101010
0010001000
0001000110
1100001011
0100100011
1100111011
1111111110
0011000011
1011011001
0011110011
1110111000
1101110101
0100010100
1011101010
0010001000
0001000110
1100001011
0100100011
1100111011
1111111110
0011000011
1011011001
0011110011
1110111000
1101110101
0100010100
1011101010
0010001000
0001000110
1100001011
0100100011
1100111011
1111111110
0011000011
1011011001
0011110011
1110111000
1101110101
0100010100
1011101010
0010001000
0001000110
1100001011
0100100011
1100111011
1111111110
0011000011
1011011001
0011110011
1110111000
1101110101
0100010100
1011101010
0010001000
0001000110
1100001011
0100100011
1100111011
1111111110
0011000011
1011011001
0011110011
1110111000
1101110101
0100010100
1011101010
0010001000
0001000110
1100001011
0100100011
1100111011
1111111110
0011000011
1011011001
0011110011
1110111000
1101110101
0100010100
1011101010
0010001000
0001000110
1100001011
0100100011
1100111011
1111111110
0011000011
1011011001
0011110011
1110111000
1101110101
0100010100
1011101010
0010001000
0001000110
1100001011
0100100011
1100111011
1111111110
0011000011
1011011001
0011110011
1110111000
1101110101
0100010100
1011101010
0010001000
0001000110
1100001011
0100100011
1100111011
1111111110
0011000011
1011011001
0011110011
1110111000
1101110101
0100010100
1011101010
0010001000
0001000110
1100001011
0100100011
1100111011
1111111110
0011000011
1011011001
0011110011
1110111000
1101110101
0100010100
1011101010
0010001000
0001000110
1100001011
0100100011
1100111011
1111111110
0011000011
1011011001
0011110011
1110111000
1101110101
0100010100
1011101010
0010001000
0001000110
1100001011
0100100011
1100111011
1111111110
0011000011
1011011001
0011110011
1110111000
1101110101
0100010100
1011101010
0010001000
0001000110
1100001011
0100100011
1100111011
1111111110
0011000011
1011011001
0011110011
1110111000
1101110101
0100010100
1011101010
0010001000
0001000110
1100001011
0100100011
1100111011
1111111110
0011000011
1011011001
0011110011
1110111000
1101110101
0100010100
1011101010
0010001000
0001000110
1100001011
0100100011
1100111011
1111111110
0011000011
1011011001
0011110011
1110111000
1101110101
0100010100
1011101010
0010001000
0001000110
1100001011
0100100011
1100111011
1111111110
0011000011
1011011001
0011110011
1110111000
1101110101
0100010100
1011101010
0010001000
0001000110
1100001011
0100100011
1100111011
1111111110
0011000011
1011011001
0011110011
1110111000
1101110101
0100010100
1011101010
0010001000
0001000110
1100001011
0100100011
1100111011
1111111110
0011000011
1011011001
0011110011
1110111000
1101110101
0100010100
1011101010
0010001000
0001000110
1100001011
0100100011
1100111011
1111111110
0011000011
1011011001
0011110011
1110111000
1101110101
0100010100
1011101010
0010001000
0001000110
1100001011
0100100011
1100111011
1111111110
0011000011
1011011001
0011110011
1110111000
1101110101
0100010100
1011101010
0010001000
0001000110
1100001011
0100100011
1100111011
1111111110
0011000011
1011011001
0011110011
1110111000
1101110101
0100010100
1011101010
0010001000
0001000110
1100001011
0100100011
1100111011
1111111110
0011000011
1011011001
0011110011
1110111000
1101110101
0100010100
1011101010
0010001000
0001000110
1100001011
0100100011
1100111011
1111111110
0011000011
1011011001
0011110011
1110111000
1101110101
0100010100
1011101010
0010001000
0001000110
1100001011
0100100011
1100111011
1111111110
0011000011
1011011001
0011110011
1110111000
1101110101
0100010100
1011101010
0010001000
0001000110
1100001011
0100100011
1100111011
1111111110
0011000011
1011011001
0011110011
1110111000
1101110101
0100010100
1011101010
0010001000
0001000110
1100001011
0100100011
1100111011
1111111110
0011000011
1011011001
0011110011
1110111000
1101110101
0100010100
1011101010
0010001000
0001000110
1100001011
0100100011
1100111011
1111111110
0011000011
1011011001
0011110011
1110111000
1101110101
0100010100
1011101010
0010001000
0001000110
1100001011
0100100011
1100111011
1111111110
0011000011
1011011001
0011110011
1110111000
1101110101
0100010100
1011101010
0010001000
0001000110
1100001011
0100100011
1100111011
1111111110
0011000011
1011011001
0011110011
1110111000
1101110101
0100010100
1011101010
0010001000
0001000110
1100001011
0100100011
1100111011
1111111110
0011000011
1011011001
0011110011
1110111000
1101110101
0100010100
1011101010
0010001000
0001000110
1100001011
0100100011
1100111011
1111111110
0011000011
1011011001
0011110011
1110111000
1101110101
0100010100
1011101010
0010001000
0001000110
1100001011
0100100011
1100111011
1111111110
0011000011
1011011001
0011110011
1110111000
1101110101
0100010100
1011101010
0010001000
0000000000
0000000000
0000000000