00000000000000000
00000000000000000
00000000000000000
00000000000110011
00000000111010100
11111110111001100
00000000111101111
11111111100111110
00000001000001011
11111110010000110
00000000101011001
00000101100101000
11110000110000100
00010110010010111
11101111000100001
11111011111110101
00100001001100010
11001011011111111
00101110100111001
11110011101100000
11011101111000000
01000011111110001
10111011100101110
00100001111101100
00010010110001001
11000010000010111
01001010001110110
11001111001001001
00000000001000010
00110001010111011
10110110100010101
00111101010010100
11101110011010100
11011101101010110
01000101100100100
10111010110111010
00100010100100100
00010001111100011
11000011010000000
01001001100001010
11001111001001001
00000000001000010
00110001010111011
10110110100010101
00111101010010100
11101110011010100
11011101101010110
01000101100100100
10111010110111010
00100010100100100
00010001111100011
11000011010000000
01001001100001010
11001111001001001
00000000001000010
00110001010111011
10110110100010101
00111101010010100
11101110011010100
11011101101010110
01000101100100100
10111010110111010
00100010100100100
00010001111100011
11000011010000000
01001001100001010
11001111001001001
00000000001000010
00110001010111011
10110110100010101
00111101010010100
11101110011010100
11011101101010110
01000101100100100
10111010110111010
00100010100100100
00010001111100011
11000011010000000
01001001100001010
11001111001001001
00000000001000010
00110001010111011
10110110100010101
00111101010010100
11101110011010100
11011101101010110
01000101100100100
10111010110111010
00100010100100100
00010001111100011
11000011010000000
01001001100001010
11001111001001001
00000000001000010
00110001010111011
10110110100010101
00111101010010100
11101110011010100
11011101101010110
01000101100100100
10111010110111010
00100010100100100
00010001111100011
11000011010000000
01001001100001010
11001111001001001
00000000001000010
00110001010111011
10110110100010101
00111101010010100
11101110011010100
11011101101010110
01000101100100100
10111010110111010
00100010100100100
00010001111100011
11000011010000000
01001001100001010
11001111001001001
00000000001000010
00110001010111011
10110110100010101
00111101010010100
11101110011010100
11011101101010110
01000101100100100
10111010110111010
00100010100100100
00010001111100011
11000011010000000
01001001100001010
11001111001001001
00000000001000010
00110001010111011
10110110100010101
00111101010010100
11101110011010100
11011101101010110
01000101100100100
10111010110111010
00100010100100100
00010001111100011
11000011010000000
01001001100001010
11001111001001001
00000000001000010
00110001010111011
10110110100010101
00111101010010100
11101110011010100
11011101101010110
01000101100100100
10111010110111010
00100010100100100
00010001111100011
11000011010000000
01001001100001010
11001111001001001
00000000001000010
00110001010111011
10110110100010101
00111101010010100
11101110011010100
11011101101010110
01000101100100100
10111010110111010
00100010100100100
00010001111100011
11000011010000000
01001001100001010
11001111001001001
00000000001000010
00110001010111011
10110110100010101
00111101010010100
11101110011010100
11011101101010110
01000101100100100
10111010110111010
00100010100100100
00010001111100011
11000011010000000
01001001100001010
11001111001001001
00000000001000010
00110001010111011
10110110100010101
00111101010010100
11101110011010100
11011101101010110
01000101100100100
10111010110111010
00100010100100100
00010001111100011
11000011010000000
01001001100001010
11001111001001001
00000000001000010
00110001010111011
10110110100010101
00111101010010100
11101110011010100
11011101101010110
01000101100100100
10111010110111010
00100010100100100
00010001111100011
11000011010000000
01001001100001010
11001111001001001
00000000001000010
00110001010111011
10110110100010101
00111101010010100
11101110011010100
11011101101010110
01000101100100100
10111010110111010
00100010100100100
00010001111100011
11000011010000000
01001001100001010
11001111001001001
00000000001000010
00110001010111011
10110110100010101
00111101010010100
11101110011010100
11011101101010110
01000101100100100
10111010110111010
00100010100100100
00010001111100011
11000011010000000
01001001100001010
11001111001001001
00000000001000010
00110001010111011
10110110100010101
00111101010010100
11101110011010100
11011101101010110
01000101100100100
10111010110111010
00100010100100100
00010001111100011
11000011010000000
01001001100001010
11001111001001001
00000000001000010
00110001010111011
10110110100010101
00111101010010100
11101110011010100
11011101101010110
01000101100100100
10111010110111010
00100010100100100
00010001111100011
11000011010000000
01001001100001010
11001111001001001
00000000001000010
00110001010111011
10110110100010101
00111101010010100
11101110011010100
11011101101010110
01000101100100100
10111010110111010
00100010100100100
00010001111100011
11000011010000000
01001001100001010
11001111001001001
00000000001000010
00110001010111011
10110110100010101
00111101010010100
11101110011010100
11011101101010110
01000101100100100
10111010110111010
00100010100100100
00010001111100011
11000011010000000
01001001100001010
11001111001001001
00000000001000010
00110001010111011
10110110100010101
00111101010010100
11101110011010100
11011101101010110
01000101100100100
10111010110111010
00100010100100100
00010001111100011
11000011010000000
01001001100001010
11001111001001001
00000000001000010
00110001010111011
10110110100010101
00111101010010100
11101110011010100
11011101101010110
01000101100100100
10111010110111010
00100010100100100
00010001111100011
11000011010000000
01001001100001010
11001111001001001
00000000001000010
00110001010111011
10110110100010101
00111101010010100
11101110011010100
11011101101010110
01000101100100100
10111010110111010
00100010100100100
00010001111100011
11000011010000000
01001001100001010
11001111001001001
00000000001000010
00110001010111011
10110110100010101
00111101010010100
11101110011010100
11011101101010110
01000101100100100
10111010110111010
00100010100100100
00010001111100011
11000011010000000
01001001100001010
11001111001001001
00000000001000010
00110001010111011
10110110100010101
00111101010010100
11101110011010100
11011101101010110
01000101100100100
10111010110111010
00100010100100100
00010001111100011
11000011010000000
01001001100001010
11001111001001001
00000000001000010
00110001010111011
10110110100010101
00111101010010100
11101110011010100
11011101101010110
01000101100100100
10111010110111010
00100010100100100
00010001111100011
11000011010000000
01001001100001010
11001111001001001
00000000001000010
00110001010111011
10110110100010101
00111101010010100
11101110011010100
11011101101010110
01000101100100100
10111010110111010
00100010100100100
00010001111100011
11000011010000000
01001001100001010
11001111001001001
00000000001000010
00110001010111011
10110110100010101
00111101010010100
11101110011010100
11011101101010110
01000101100100100
10111010110111010
00100010100100100
00010001111100011
11000011010000000
01001001100001010
11001111001001001
00000000001000010
00110001010111011
10110110100010101
00111101010010100
11101110011010100
11011101101010110
01000101100100100
10111010110111010
00100010100100100
00010001111100011
11000011010000000
01001001100001010
11001111001001001
00000000001000010
00110001010111011
10110110100010101
00111101010010100
11101110011010100
11011101101010110
01000101100100100
10111010110111010
00100010100100100
00010001111100011
11000011010000000
01001001100001010
11001111001001001
00000000001000010
00110001010111011
10110110100010101
00111101010010100
11101110011010100
11011101101010110
01000101100100100
10111010110111010
00100010100100100
00010001111100011
11000011010000000
01001001100001010
11001111001001001
00000000001000010
00110001010111011
10110110100010101
00111101010010100
11101110011010100
11011101101010110
01000101100100100
10111010110111010
00100010100100100
00010001111100011
11000011010000000
01001001100001010
11001111001001001
00000000001000010
00110001010111011
10110110100010101
00111101010010100
11101110011010100
11011101101010110
01000101100100100
10111010110111010
00100010100100100
00010001111100011
11000011010000000
01001001100001010
11001111001001001
00000000001000010
00110001010111011
10110110100010101
00111101010010100
11101110011010100
11011101101010110
01000101100100100
10111010110111010
00100010100100100
00010001111100011
11000011010000000
01001001100001010
11001111001001001
00000000001000010
00110001010111011
10110110100010101
00111101010010100
11101110011010100
11011101101010110
01000101100100100
10111010110111010
00100010100100100
00010001111100011
11000011010000000
01001001100001010
11001111001001001
00000000001000010
00110001010111011
10110110100010101
00111101010010100
11101110011010100
11011101101010110
01000101100100100
10111010110111010
00100010100100100
00010001111100011
11000011010000000
01001001100001010
11001111001001001
00000000001000010
00110001010111011
10110110100010101
00111101010010100
11101110011010100
11011101101010110
01000101100100100
10111010110111010
00100010100100100
00010001111100011
11000011010000000
01001001100001010
11001111001001001
00000000001000010
00110001010111011
10110110100010101
00111101010010100
11101110011010100
11011101101010110
01000101100100100
10111010110111010
00100010100100100
00010001111100011
11000011010000000
01001001100001010
11001111001001001
00000000001000010
00110001010111011
10110110100010101
00111101010010100
11101110011010100
11011101101010110
01000101100100100
10111010110111010
00100010100100100
00010001111100011
11000011010000000
01001001100001010
11001111001001001
00000000001000010
00110001010111011
10110110100010101
00111101010010100
11101110011010100
11011101101010110
01000101100100100
10111010110111010
00100010100100100
00010001111100011
11000011010000000
01001001100001010
11001111001001001
00000000001000010
00110001010111011
10110110100010101
00111101010010100
11101110011010100
11011101101010110
01000101100100100
10111010110111010
00100010100100100
00010001111100011
11000011010000000
01001001100001010
11001111001001001
00000000001000010
00110001010111011
10110110100010101
00111101010010100
11101110011010100
11011101101010110
01000101100100100
10111010110111010
00100010100100100
00010001111100011
11000011010000000
01001001100001010
11001111001001001
00000000001000010
00110001010111011
10110110100010101
00111101010010100
11101110011010100
11011101101010110
01000101100100100
10111010110111010
00100010100100100
00010001111100011
11000011010000000
01001001100001010
11001111001001001
00000000001000010
00110001010111011
10110110100010101
00111101010010100
11101110011010100
11011101101010110
01000101100100100
10111010110111010
00100010100100100
00010001111100011
11000011010000000
01001001100001010
11001111001001001
00000000001000010
00110001010111011
10110110100010101
00111101010010100
11101110011010100
11011101101010110
01000101100100100
10111010110111010
00100010100100100
00010001111100011
11000011010000000
01001001100001010
11001111001001001
00000000001000010
00110001010111011
10110110100010101
00111101010010100
11101110011010100
11011101101010110
01000101100100100
10111010110111010
00100010100100100
00010001111100011
11000011010000000
01001001100001010
11001111001001001
00000000001000010
00110001010111011
10110110100010101
00111101010010100
11101110011010100
11011101101010110
01000101100100100
10111010110111010
00100010100100100
00010001111100011
11000011010000000
01001001100001010
11001111001001001
00000000001000010
00110001010111011
10110110100010101
00111101010010100
11101110011010100
11011101101010110
01000101100100100
10111010110111010
00100010100100100
00010001111100011
11000011010000000
01001001100001010
11001111001001001
00000000001000010
00110001010111011
10110110100010101
00111101010010100
11101110011010100
11011101101010110
01000101100100100
10111010110111010
00100010100100100
00010001111100011
11000011010000000
01001001100001010
11001111001001001
00000000001000010
00110001010111011
10110110100010101
00111101010010100
11101110011010100
11011101101010110
01000101100100100
10111010110111010
00100010100100100
00010001111100011
11000011010000000
01001001100001010
11001111001001001
00000000001000010
00110001010111011
10110110100010101
00111101010010100
11101110011010100
11011101101010110
01000101100100100
10111010110111010
00100010100100100
00010001111100011
11000011010000000
01001001100001010
11001111001001001
00000000001000010
00110001010111011
10110110100010101
00111101010010100
11101110011010100
11011101101010110
01000101100100100
10111010110111010
00100010100100100
00010001111100011
11000011010000000
01001001100001010
11001111001001001
00000000001000010
00110001010111011
10110110100010101
00111101010010100
11101110011010100
11011101101010110
01000101100100100
10111010110111010
00100010100100100
00010001111100011
11000011010000000
01001001100001010
11001111001001001
00000000001000010
00110001010111011
10110110100010101
00111101010010100
11101110011010100
11011101101010110
01000101100100100
10111010110111010
00100010100100100
00010001111100011
11000011010000000
01001001100001010
11001111001001001
00000000001000010
00110001010111011
10110110100010101
00111101010010100
11101110011010100
11011101101010110
01000101100100100
10111010110111010
00100010100100100
00010001111100011
11000011010000000
01001001100001010
11001111001001001
00000000001000010
00110001010111011
10110110100010101
00111101010010100
11101110011010100
11011101101010110
01000101100100100
10111010110111010
00100010100100100
00010001111100011
11000011010000000
01001001100001010
11001111001001001
00000000001000010
00110001010111011
10110110100010101
00111101010010100
11101110011010100
11011101101010110
01000101100100100
10111010110111010
00100010100100100
00010001111100011
11000011010000000
01001001100001010
11001111001001001
00000000001000010
00110001010111011
10110110100010101
00111101010010100
11101110011010100
11011101101010110
01000101100100100
10111010110111010
00100010100100100
00010001111100011
11000011010000000
01001001100001010
11001111001001001
00000000001000010
00110001010111011
10110110100010101
00111101010010100
11101110011010100
11011101101010110
01000101100100100
10111010110111010
00100010100100100
00010001111100011
11000011010000000
01001001100001010
11001111001001001
00000000001000010
00110001010111011
10110110100010101
00111101010010100
11101110011010100
11011101101010110
01000101100100100
10111010110111010
00100010100100100
00010001111100011
11000011010000000
01001001100001010
11001111001001001
00000000001000010
00110001010111011
10110110100010101
00111101010010100
11101110011010100
11011101101010110
01000101100100100
10111010110111010
00100010100100100
00010001111100011
11000011010000000
01001001100001010
11001111001001001
00000000001000010
00110001010111011
10110110100010101
00111101010010100
11101110011010100
11011101101010110
01000101100100100
10111010110111010
00100010100100100
00010001111100011
11000011010000000
01001001100001010
11001111001001001
00000000001000010
00110001010111011
10110110100010101
00111101010010100
11101110011010100
11011101101010110
01000101100100100
10111010110111010
00100010100100100
00010001111100011
11000011010000000
01001001100001010
11001111001001001
00000000001000010
00110001010111011
10110110100010101
00111101010010100
11101110011010100
11011101101010110
01000101100100100
10111010110111010
00100010100100100
00010001111100011
11000011010000000
01001001100001010
11001111001001001
00000000001000010
00110001010111011
10110110100010101
00111101010010100
11101110011010100
11011101101010110
01000101100100100
10111010110111010
00100010100100100
00010001111100011
11000011010000000
01001001100001010
11001111001001001
00000000001000010
00110001010111011
10110110100010101
00111101010010100
11101110011010100
11011101101010110
01000101100100100
10111010110111010
00100010100100100
00010001111100011
11000011010000000
01001001100001010
11001111001001001
00000000001000010
00110001010111011
10110110100010101
00111101010010100
11101110011010100
11011101101010110
01000101100100100
10111010110111010
00100010100100100
00010001111100011
11000011010000000
01001001100001010
11001111001001001
00000000001000010
00110001010111011
10110110100010101
00111101010010100
11101110011010100
11011101101010110
01000101100100100
10111010110111010
00100010100100100
00010001111100011
11000011010000000
01001001100001010
11001111001001001
00000000001000010
00110001010111011
10110110100010101
00111101010010100
11101110011010100
11011101101010110
01000101100100100
10111010110111010
00100010100100100
00010001111100011
11000011010000000
01001001100001010
11001111001001001
00000000001000010
00110001010111011
10110110100010101
00111101010010100
11101110011010100
11011101101010110
01000101100100100
10111010110111010
00100010100100100
00010001111100011
11000011010000000
01001001100001010
11001111001001001
00000000001000010
00110001010111011
10110110100010101
00111101010010100
11101110011010100
11011101101010110
01000101100100100
10111010110111010
00100010100100100
00010001111100011
11000011010000000
01001001100001010
11001111001001001
00000000001000010
00110001010111011
10110110100010101
00111101010010100
11101110011010100
11011101101010110
01000101100100100
10111010110111010
00100010100100100
00010001111100011
11000011010000000
01001001100001010
11001111001001001
00000000001000010
00110001010111011
10110110100010101
00111101010010100
11101110011010100
11011101101010110
01000101100100100
10111010110111010
00100010100100100
00010001111100011
11000011010000000
01001001100001010
11001111001001001
00000000001000010
00110001010111011
10110110100010101
00111101010010100
11101110011010100
11011101101010110
01000101100100100
10111010110111010
00100010100100100
00010001111100011
11000011010000000
01001001100001010
11001111001001001
00000000001000010
00110001010111011
10110110100010101
00111101010010100
11101110011010100
11011101101010110
01000101100100100
10111010110111010
00100010100100100
