0.0
0.0078125
-0.015625
0.00390625
-0.0078125
0.015625
-0.0390625
0.015625
0.0703125
-0.23828125
0.34375
-0.2734375
-0.0625
0.5078125
-0.82421875
0.7265625
-0.2109375
-0.52734375
1.04296875
-1.0703125
0.52734375
0.27734375
-0.97265625
1.1484375
-0.76953125
-0.0078125
0.76171875
-1.15234375
0.94921875
-0.28125
-0.54296875
1.078125
-1.0859375
0.53125
0.2734375
-0.95703125
1.13671875
-0.76953125
-0.0078125
0.76171875
-1.15234375
0.94921875
-0.28125
-0.54296875
1.078125
-1.0859375
0.53125
0.2734375
-0.95703125
1.13671875
-0.76953125
-0.0078125
0.76171875
-1.15234375
0.94921875
-0.28125
-0.54296875
1.078125
-1.0859375
0.53125
0.2734375
-0.95703125
1.13671875
-0.76953125
-0.0078125
0.76171875
-1.15234375
0.94921875
-0.28125
-0.54296875
1.078125
-1.0859375
0.53125
0.2734375
-0.95703125
1.13671875
-0.76953125
-0.0078125
0.76171875
-1.15234375
0.94921875
-0.28125
-0.54296875
1.078125
-1.0859375
0.53125
0.2734375
-0.95703125
1.13671875
-0.76953125
-0.0078125
0.76171875
-1.15234375
0.94921875
-0.28125
-0.54296875
1.078125
-1.0859375
0.53125
0.2734375
-0.95703125
1.13671875
-0.76953125
-0.0078125
0.76171875
-1.15234375
0.94921875
-0.28125
-0.54296875
1.078125
-1.0859375
0.53125
0.2734375
-0.95703125
1.13671875
-0.76953125
-0.0078125
0.76171875
-1.15234375
0.94921875
-0.28125
-0.54296875
1.078125
-1.0859375
0.53125
0.2734375
-0.95703125
1.13671875
-0.76953125
-0.0078125
0.76171875
-1.15234375
0.94921875
-0.28125
-0.54296875
1.078125
-1.0859375
0.53125
0.2734375
-0.95703125
1.13671875
-0.76953125
-0.0078125
0.76171875
-1.15234375
0.94921875
-0.28125
-0.54296875
1.078125
-1.0859375
0.53125
0.2734375
-0.95703125
1.13671875
-0.76953125
-0.0078125
0.76171875
-1.15234375
0.94921875
-0.28125
-0.54296875
1.078125
-1.0859375
0.53125
0.2734375
-0.95703125
1.13671875
-0.76953125
-0.0078125
0.76171875
-1.15234375
0.94921875
-0.28125
-0.54296875
1.078125
-1.0859375
0.53125
0.2734375
-0.95703125
1.13671875
-0.76953125
-0.0078125
0.76171875
-1.15234375
0.94921875
-0.28125
-0.54296875
1.078125
-1.0859375
0.53125
0.2734375
-0.95703125
1.13671875
-0.76953125
-0.0078125
0.76171875
-1.15234375
0.94921875
-0.28125
-0.54296875
1.078125
-1.0859375
0.53125
0.2734375
-0.95703125
1.13671875
-0.76953125
-0.0078125
0.76171875
-1.15234375
0.94921875
-0.28125
-0.54296875
1.078125
-1.0859375
0.53125
0.2734375
-0.95703125
1.13671875
-0.76953125
-0.0078125
0.76171875
-1.15234375
0.94921875
-0.28125
-0.54296875
1.078125
-1.0859375
0.53125
0.2734375
-0.95703125
1.13671875
-0.76953125
-0.0078125
0.76171875
-1.15234375
0.94921875
-0.28125
-0.54296875
1.078125
-1.0859375
0.53125
0.2734375
-0.95703125
1.13671875
-0.76953125
-0.0078125
0.76171875
-1.15234375
0.94921875
-0.28125
-0.54296875
1.078125
-1.0859375
0.53125
0.2734375
-0.95703125
1.13671875
-0.76953125
-0.0078125
0.76171875
-1.15234375
0.94921875
-0.28125
-0.54296875
1.078125
-1.0859375
0.53125
0.2734375
-0.95703125
1.13671875
-0.76953125
-0.0078125
0.76171875
-1.15234375
0.94921875
-0.28125
-0.54296875
1.078125
-1.0859375
0.53125
0.2734375
-0.95703125
1.13671875
-0.76953125
-0.0078125
0.76171875
-1.15234375
0.94921875
-0.28125
-0.54296875
1.078125
-1.0859375
0.53125
0.2734375
-0.95703125
1.13671875
-0.76953125
-0.0078125
0.76171875
-1.15234375
0.94921875
-0.28125
-0.54296875
1.078125
-1.0859375
0.53125
0.2734375
-0.95703125
1.13671875
-0.76953125
-0.0078125
0.76171875
-1.15234375
0.94921875
-0.28125
-0.54296875
1.078125
-1.0859375
0.53125
0.2734375
-0.95703125
1.13671875
-0.76953125
-0.0078125
0.76171875
-1.15234375
0.94921875
-0.28125
-0.54296875
1.078125
-1.0859375
0.53125
0.2734375
-0.95703125
1.13671875
-0.76953125
-0.0078125
0.76171875
-1.15234375
0.94921875
-0.28125
-0.54296875
1.078125
-1.0859375
0.53125
0.2734375
-0.95703125
1.13671875
-0.76953125
-0.0078125
0.76171875
-1.15234375
0.94921875
-0.28125
-0.54296875
1.078125
-1.0859375
0.53125
0.2734375
-0.95703125
1.13671875
-0.76953125
-0.0078125
0.76171875
-1.15234375
0.94921875
-0.28125
-0.54296875
1.078125
-1.0859375
0.53125
0.2734375
-0.95703125
1.13671875
-0.76953125
-0.0078125
0.76171875
-1.15234375
0.94921875
-0.28125
-0.54296875
1.078125
-1.0859375
0.53125
0.2734375
-0.95703125
1.13671875
-0.76953125
-0.0078125
0.76171875
-1.15234375
0.94921875
-0.28125
-0.54296875
1.078125
-1.0859375
0.53125
0.2734375
-0.95703125
1.13671875
-0.76953125
-0.0078125
0.76171875
-1.15234375
0.94921875
-0.28125
-0.54296875
1.078125
-1.0859375
0.53125
0.2734375
-0.95703125
1.13671875
-0.76953125
-0.0078125
0.76171875
-1.15234375
0.94921875
-0.28125
-0.54296875
1.078125
-1.0859375
0.53125
0.2734375
-0.95703125
1.13671875
-0.76953125
-0.0078125
0.76171875
-1.15234375
0.94921875
-0.28125
-0.54296875
1.078125
-1.0859375
0.53125
0.2734375
-0.95703125
1.13671875
-0.76953125
-0.0078125
0.76171875
-1.15234375
0.94921875
-0.28125
-0.54296875
1.078125
-1.0859375
0.53125
0.2734375
-0.95703125
1.13671875
-0.76953125
-0.0078125
0.76171875
-1.15234375
0.94921875
-0.28125
-0.54296875
1.078125
-1.0859375
0.53125
0.2734375
-0.95703125
1.13671875
-0.76953125
-0.0078125
0.76171875
-1.15234375
0.94921875
-0.28125
-0.54296875
1.078125
-1.0859375
0.53125
0.2734375
-0.95703125
1.13671875
-0.76953125
-0.0078125
0.76171875
-1.15234375
0.94921875
-0.28125
-0.54296875
1.078125
-1.0859375
0.53125
0.2734375
-0.95703125
1.13671875
-0.76953125
-0.0078125
0.76171875
-1.15234375
0.94921875
-0.28125
-0.54296875
1.078125
-1.0859375
0.53125
0.2734375
-0.95703125
1.13671875
-0.76953125
-0.0078125
0.76171875
-1.15234375
0.94921875
-0.28125
-0.54296875
1.078125
-1.0859375
0.53125
0.2734375
-0.95703125
1.13671875
-0.76953125
-0.0078125
0.76171875
-1.15234375
0.94921875
-0.28125
-0.54296875
1.078125
-1.0859375
0.53125
0.2734375
-0.95703125
1.13671875
-0.76953125
-0.0078125
0.76171875
-1.15234375
0.94921875
-0.28125
-0.54296875
1.078125
-1.0859375
0.53125
0.2734375
-0.95703125
1.13671875
-0.76953125
-0.0078125
0.76171875
-1.15234375
0.94921875
-0.28125
-0.54296875
1.078125
-1.0859375
0.53125
0.2734375
-0.95703125
1.13671875
-0.76953125
-0.0078125
0.76171875
-1.15234375
0.94921875
-0.28125
-0.54296875
1.078125
-1.0859375
0.53125
0.2734375
-0.95703125
1.13671875
-0.76953125
-0.0078125
0.76171875
-1.15234375
0.94921875
-0.28125
-0.54296875
1.078125
-1.0859375
0.53125
0.2734375
-0.95703125
1.13671875
-0.76953125
-0.0078125
0.76171875
-1.15234375
0.94921875
-0.28125
-0.54296875
1.078125
-1.0859375
0.53125
0.2734375
-0.95703125
1.13671875
-0.76953125
-0.0078125
0.76171875
-1.15234375
0.94921875
-0.28125
-0.54296875
1.078125
-1.0859375
0.53125
0.2734375
-0.95703125
1.13671875
-0.76953125
-0.0078125
0.76171875
-1.15234375
0.94921875
-0.28125
-0.54296875
1.078125
-1.0859375
0.53125
0.2734375
-0.95703125
1.13671875
-0.76953125
-0.0078125
0.76171875
-1.15234375
0.94921875
-0.28125
-0.54296875
1.078125
-1.0859375
0.53125
0.2734375
-0.95703125
1.13671875
-0.76953125
-0.0078125
0.76171875
-1.15234375
0.94921875
-0.28125
-0.54296875
1.078125
-1.0859375
0.53125
0.2734375
-0.95703125
1.13671875
-0.76953125
-0.0078125
0.76171875
-1.15234375
0.94921875
-0.28125
-0.54296875
1.078125
-1.0859375
0.53125
0.2734375
-0.95703125
1.13671875
-0.76953125
-0.0078125
0.76171875
-1.15234375
0.94921875
-0.28125
-0.54296875
1.078125
-1.0859375
0.53125
0.2734375
-0.95703125
1.13671875
-0.76953125
-0.0078125
0.76171875
-1.15234375
0.94921875
-0.28125
-0.54296875
1.078125
-1.0859375
0.53125
0.2734375
-0.95703125
1.13671875
-0.76953125
-0.0078125
0.76171875
-1.15234375
0.94921875
-0.28125
-0.54296875
1.078125
-1.0859375
0.53125
0.2734375
-0.95703125
1.13671875
-0.76953125
-0.0078125
0.76171875
-1.15234375
0.94921875
-0.28125
-0.54296875
1.078125
-1.0859375
0.53125
0.2734375
-0.95703125
1.13671875
-0.76953125
-0.0078125
0.76171875
-1.15234375
0.94921875
-0.28125
-0.54296875
1.078125
-1.0859375
0.53125
0.2734375
-0.95703125
1.13671875
-0.76953125
-0.0078125
0.76171875
-1.15234375
0.94921875
-0.28125
-0.54296875
1.078125
-1.0859375
0.53125
0.2734375
-0.95703125
1.13671875
-0.76953125
-0.0078125
0.76171875
-1.15234375
0.94921875
-0.28125
-0.54296875
1.078125
-1.0859375
0.53125
0.2734375
-0.95703125
1.13671875
-0.76953125
-0.0078125
0.76171875
-1.15234375
0.94921875
-0.28125
-0.54296875
1.078125
-1.0859375
0.53125
0.2734375
-0.95703125
1.13671875
-0.76953125
-0.0078125
0.76171875
-1.15234375
0.94921875
-0.28125
-0.54296875
1.078125
-1.0859375
0.53125
0.2734375
-0.95703125
1.13671875
-0.76953125
-0.0078125
0.76171875
-1.15234375
0.94921875
-0.28125
-0.54296875
1.078125
-1.0859375
0.53125
0.2734375
-0.95703125
1.13671875
-0.76953125
-0.0078125
0.76171875
-1.15234375
0.94921875
-0.28125
-0.54296875
1.078125
-1.0859375
0.53125
0.2734375
-0.95703125
1.13671875
-0.76953125
-0.0078125
0.76171875
-1.15234375
0.94921875
-0.28125
-0.54296875
1.078125
-1.0859375
0.53125
0.2734375
-0.95703125
1.13671875
-0.76953125
-0.0078125
0.76171875
-1.15234375
0.94921875
-0.28125
-0.54296875
1.078125
-1.0859375
0.53125
0.2734375
-0.95703125
1.13671875
-0.76953125
-0.0078125
0.76171875
-1.15234375
0.94921875
-0.28125
-0.54296875
1.078125
-1.0859375
0.53125
0.2734375
-0.95703125
1.13671875
-0.76953125
-0.0078125
0.76171875
-1.15234375
0.94921875
-0.28125
-0.54296875
1.078125
-1.0859375
0.53125
0.2734375
-0.95703125
1.13671875
-0.76953125
-0.0078125
0.76171875
-1.15234375
0.94921875
-0.28125
-0.54296875
1.078125
-1.0859375
0.53125
0.2734375
-0.95703125
1.13671875
-0.76953125
-0.0078125
0.76171875
-1.15234375
0.94921875
-0.28125
-0.54296875
1.078125
-1.0859375
0.53125
0.2734375
-0.95703125
1.13671875
-0.76953125
-0.0078125
0.76171875
-1.15234375
0.94921875
-0.28125
-0.54296875
1.078125
-1.0859375
0.53125
0.2734375
-0.95703125
1.13671875
-0.76953125
-0.0078125
0.76171875
-1.15234375
0.94921875
-0.28125
-0.54296875
1.078125
-1.0859375
0.53125
0.2734375
-0.95703125
1.13671875
-0.76953125
-0.0078125
0.76171875
-1.15234375
0.94921875
-0.28125
-0.54296875
1.078125
-1.0859375
0.53125
0.2734375
-0.95703125
1.13671875
-0.76953125
-0.0078125
0.76171875
-1.15234375
0.94921875
-0.28125
-0.54296875
1.078125
-1.0859375
0.53125
0.2734375
-0.95703125
1.13671875
-0.76953125
-0.0078125
0.76171875
-1.15234375
0.94921875
-0.28125
-0.54296875
1.078125
-1.0859375
0.53125
0.2734375
-0.95703125
1.13671875
-0.76953125
-0.0078125
0.76171875
-1.15234375
0.94921875
-0.28125
-0.54296875
1.078125
-1.0859375
0.53125
0.2734375
-0.95703125
1.13671875
-0.76953125
-0.0078125
0.76171875
-1.15234375
0.94921875
-0.28125
-0.54296875
1.078125
-1.0859375
0.53125
0.2734375
-0.95703125
1.13671875
-0.76953125
-0.0078125
0.76171875
-1.15234375
0.94921875
-0.28125
-0.54296875
1.078125
-1.0859375
0.53125
0.2734375
-0.95703125
1.13671875
-0.76953125
-0.0078125
0.76171875
-1.15234375
0.94921875
-0.28125
-0.54296875
1.078125
-1.0859375
0.53125
0.0
0.0
0.0
