00000000000000000
00000000000000000
00000000000000000
00000000000110011
00000001000000110
11111111111010101
00000000111000010
00000000100000000
00000001100001001
11111111110010000
00000000011101010
00000110000010000
11110110110010100
00001101000100110
11111100001001000
11111000000111111
00011001010011110
11100100110011110
00010011011010110
00000111000110110
11100100111111010
00101000111100110
11100100100010110
00000110011111111
00011001010000100
11011011010011100
00100101100001001
11110100101010100
11110100110010101
00100110001001100
11011100101100010
00011001111110010
00001000011001000
11100110000011111
00101011100111110
11100110011111011
00001001000011100
00011010111111100
11011110001111100
00100111101111101
11110110111001000
11110111000001001
00101000011000000
11011110111010110
00011100001100110
00001010100111100
11101000010010011
00101101110110010
11101000101101111
00001011010010000
00011101001110000
11100000011110000
00101001111110001
11111001000111100
11111001001111101
00101010100110100
11100001001001010
00011110011011010
00001100110110000
11101010100000111
00110000000100110
11101010111100011
00001101100000100
00011111011100100
11100010101100100
00101100001100101
11111011010110000
11111011011110001
00101100110101000
11100011010111110
00100000101001110
00001111000100100
11101100101111011
00110010010011010
11101101001010111
00001111101111000
00100001101011000
11100100111011000
00101110011011001
11111101100100100
11111101101100101
00101111000011100
11100101100110010
00100010111000010
00010001010011000
11101110111101111
00110100100001110
11101111011001011
00010001111101100
00100011111001100
11100111001001100
00110000101001101
11111111110011000
11111111111011001
00110001010010000
11100111110100110
00100101000110110
00010011100001100
11110001001100011
00110110110000010
11110001100111111
00010100001100000
00100110001000000
11101001011000000
00110010111000001
00000010000001100
00000010001001101
00110011100000100
11101010000011010
00100111010101010
00010101110000000
11110011011010111
00111000111110110
11110011110110011
00010110011010100
00101000010110100
11101011100110100
00110101000110101
00000100010000000
00000100011000001
00110101101111000
11101100010001110
00101001100011110
00010111111110100
11110101101001011
00111011001101010
11110110000100111
00011000101001000
00101010100101000
11101101110101000
00110111010101001
00000110011110100
00000110100110101
00110111111101100
11101110100000010
00101011110010010
00011010001101000
11110111110111111
00111101011011110
11111000010011011
00011010110111100
00101100110011100
11110000000011100
00111001100011101
00001000101101000
00001000110101001
00111010001100000
11110000101110110
00101110000000110
00011100011011100
11111010000110011
00111111101010010
11111010100001111
00011101000110000
00101111000010000
11110010010010000
00111011110010001
00001010111011100
00001011000011101
00111100011010100
11110010111101010
00110000001111010
00011110101010000
11111100010100111
01000001111000110
11111100110000011
00011111010100100
00110001010000100
11110100100000100
00111110000000101
00001101001010000
00001101010010001
00111110101001000
11110101001011110
00110010011101110
00100000111000100
11111110100011011
01000100000111010
11111110111110111
00100001100011000
00110011011111000
11110110101111000
01000000001111001
00001111011000100
00001111100000101
01000000110111100
11110111011010010
00110100101100010
00100011000111000
00000000110001111
01000110010101110
00000001001101011
00100011110001100
00110101101101100
11111000111101100
01000010011101101
00010001100111000
00010001101111001
01000011000110000
11111001101000110
00110110111010110
00100101010101100
00000011000000011
01001000100100010
00000011011011111
00100110000000000
00110111111100000
11111011001100000
01000100101100001
00010011110101100
00010011111101101
01000101010100100
11111011110111010
00111001001001010
00100111100100000
00000101001110111
01001010110010110
00000101101010011
00101000001110100
00111010001010100
11111101011010100
01000110111010101
00010110000100000
00010110001100001
01000111100011000
11111110000101110
00111011010111110
00101001110010100
00000111011101011
01001101000001010
00000111111000111
00101010011101000
00111100011001000
11111111101001000
01001001001001001
00011000010010100
00011000011010101
01001001110001100
00000000010100010
00111101100110010
00101100000001000
00001001101011111
01001111001111110
00001010000111011
00101100101011100
00111110100111100
00000001110111100
01001011010111101
00011010100001000
00011010101001001
01001100000000000
00000010100010110
00111111110100110
00101110001111100
00001011111010011
01010001011110010
00001100010101111
00101110111010000
01000000110110000
00000100000110000
01001101100110001
00011100101111100
00011100110111101
01001110001110100
00000100110001010
01000010000011010
00110000011110000
00001110001000111
01010011101100110
00001110100100011
00110001001000100
01000011000100100
00000110010100100
01001111110100101
00011110111110000
00011111000110001
01010000011101000
00000110111111110
01000100010001110
00110010101100100
00010000010111011
01010101111011010
00010000110010111
00110011010111000
01000101010011000
00001000100011000
01010010000011001
00100001001100100
00100001010100101
01010010101011100
00001001001110010
01000110100000010
00110100111011000
00010010100101111
01011000001001110
00010011000001011
00110101100101100
01000111100001100
00001010110001100
01010100010001101
00100011011011000
00100011100011001
01010100111010000
00001011011100110
01001000101110110
00110111001001100
00010100110100011
01011010011000010
00010101001111111
00110111110100000
01001001110000000
00001101000000000
01010110100000001
00100101101001100
00100101110001101
01010111001000100
00001101101011010
01001010111101010
00111001011000000
00010111000010111
01011100100110110
00010111011110011
00111010000010100
01001011111110100
00001111001110100
01011000101110101
00100111111000000
00101000000000001
01011001010111000
00001111111001110
01001101001011110
00111011100110100
00011001010001011
01011110110101010
00011001101100111
00111100010001000
01001110001101000
00010001011101000
01011010111101001
00101010000110100
00101010001110101
01011011100101100
00010010001000010
01001111011010010
00111101110101000
00011011011111111
01100001000011110
00011011111011011
00111110011111100
01010000011011100
00010011101011100
01011101001011101
00101100010101000
00101100011101001
01011101110100000
00010100010110110
01010001101000110
01000000000011100
00011101101110011
01100011010010010
00011110001001111
01000000101110000
01010010101010000
00010101111010000
01011111011010001
00101110100011100
00101110101011101
01100000000010100
00010110100101010
01010011110111010
01000010010010000
00011111111100111
01100101100000110
00100000011000011
01000010111100100
01010100111000100
00011000001000100
01100001101000101
00110000110010000
00110000111010001
01100010010001000
00011000110011110
01010110000101110
01000100100000100
00100010001011011
01100111101111010
00100010100110111
01000101001011000
01010111000111000
00011010010111000
01100011110111001
00110011000000100
00110011001000101
01100100011111100
00011011000010010
01011000010100010
01000110101111000
00100100011001111
01101001111101110
00100100110101011
01000111011001100
01011001010101100
00011100100101100
01100110000101101
00110101001111000
00110101010111001
01100110101110000
00011101010000110
01011010100010110
01001000111101100
00100110101000011
01101100001100010
00100111000011111
01001001101000000
01011011100100000
00011110110100000
01101000010100001
00110111011101100
00110111100101101
01101000111100100
00011111011111010
01011100110001010
01001011001100000
00101000110110111
01101110011010110
00101001010010011
01001011110110100
01011101110010100
00100001000010100
01101010100010101
00111001101100000
00111001110100001
01101011001011000
00100001101101110
01011110111111110
01001101011010100
00101011000101011
01110000101001010
00101011100000111
01001110000101000
01100000000001000
00100011010001000
01101100110001001
00111011111010100
00111100000010101
01101101011001100
00100011111100010
01100001001110010
01001111101001000
00101101010011111
01110010110111110
00101101101111011
01010000010011100
01100010001111100
00100101011111100
01101110111111101
00111110001001000
00111110010001001
01101111101000000
00100110001010110
01100011011100110
01010001110111100
00101111100010011
01110101000110010
00101111111101111
01010010100010000
01100100011110000
00100111101110000
01110001001110001
01000000010111100
01000000011111101
01110001110110100
00101000011001010
01100101101011010
01010100000110000
00110001110000111
01110111010100110
00110010001100011
01010100110000100
01100110101100100
00101001111100100
01110011011100101
01000010100110000
01000010101110001
01110100000101000
00101010100111110
01100111111001110
01010110010100100
00110011111111011
01111001100011010
00110100011010111
01010110111111000
01101000111011000
00101100001011000
01110101101011001
01000100110100100
01000100111100101
01110110010011100
00101100110110010
01101010001000010
01011000100011000
00110110001101111
01111011110001110
00110110101001011
01011001001101100
01101011001001100
00101110011001100
01110111111001101
01000111000011000
01000111001011001
01111000100010000
00101111000100110
01101100010110110
01011010110001100
00111000011100011
01111110000000010
00111000110111111
01011011011100000
01101101011000000
00110000101000000
01111010001000001
01001001010001100
01001001011001101
01111010110000100
00110001010011010
01101110100101010
01011101000000000
00111010101010111
10000000001110110
00111011000110011
01011101101010100
01101111100110100
00110010110110100
01111100010110101
01001011100000000
01001011101000001
01111100111111000
00110011100001110
01110000110011110
01011111001110100
00111100111001011
10000010011101010
00111101010100111
01011111111001000
01110001110101000
00110101000101000
01111110100101001
01001101101110100
01001101110110101
01111111001101100
00110101110000010
01110011000010010
01100001011101000
00111111000111111
10000100101011110
00111111100011011
01100010000111100
01110100000011100
00110111010011100
10000000110011101
01001111111101000
01010000000101001
10000001011100000
00110111111110110
01110101010000110
01100011101011100
01000001010110011
10000110111010010
01000001110001111
01100100010110000
01110110010010000
00111001100010000
10000011000010001
01010010001011100
01010010010011101
10000011101010100
00111010001101010
01110111011111010
01100101111010000
01000011100100111
10001001001000110
01000100000000011
01100110100100100
01111000100000100
00111011110000100
10000101010000101
01010100011010000
01010100100010001
10000101111001000
00111100011011110
01111001101101110
01101000001000100
01000101110011011
10001011010111010
01000110001110111
01101000110011000
01111010101111000
00111101111111000
10000111011111001
01010110101000100
01010110110000101
10001000000111100
00111110101010010
01111011111100010
01101010010111000
01001000000001111
10001101100101110
01001000011101011
01101011000001100
01111100111101100
01000000001101100
10001001101101101
01011000110111000
01011000111111001
10001010010110000
01000000111000110
01111110001010110
01101100100101100
01001010010000011
10001111110100010
01001010101011111
01101101010000000
01111111001100000
01000010011100000
10001011111100001
01011011000101100
01011011001101101
10001100100100100
01000011000111010
10000000011001010
01101110110100000
01001100011110111
10010010000010110
01001100111010011
01101111011110100
10000001011010100
01000100101010100
10001110001010101
01011101010100000
01011101011100001
10001110110011000
01000101010101110
10000010100111110
01110001000010100
01001110101101011
10010100010001010
01001111001000111
01110001101101000
10000011101001000
01000110111001000
10010000011001001
01011111100010100
01011111101010101
10010001000001100
01000111100100010
10000100110110010
01110011010001000
01010000111011111
10010110011111110
01010001010111011
01110011111011100
10000101110111100
01001001000111100
10010010100111101
01100001110001000
01100001111001001
10010011010000000
01001001110010110
10000111000100110
01110101011111100
01010011001010011
10011000101110010
01010011100101111
01110110001010000
10001000000110000
01001011010110000
10010100110110001
01100011111111100
01100100000111101
10010101011110100
01001100000001010
10001001010011010
01110111101110000
01010101011000111
10011010111100110
01010101110100011
01111000011000100
10001010010100100
01001101100100100
10010111000100101
01100110001110000
01100110010110001
10010111101101000
01001110001111110
10001011100001110
01111001111100100
01010111100111011
10011101001011010
01011000000010111
01111010100111000
10001100100011000
01001111110011000
10011001010011001
01101000011100100
01101000100100101
10011001111011100
01010000011110010
10001101110000010
01111100001011000
01011001110101111
10011111011001110
01011010010001011
01111100110101100
10001110110001100
01010010000001100
10011011100001101
01101010101011000
01101010110011001
10011100001010000
01010010101100110
10001111111110110
01111110011001100
01011100000100011
10100001101000010
01011100011111111
01111111000100000
10010001000000000
01010100010000000
10011101110000001
01101100111001100
01101101000001101
10011110011000100
01010100111011010
10010010001101010
10000000101000000
01011110010010111
10100011110110110
01011110101110011
10000001010010100
10010011001110100
01010110011110100
10011111111110101
01101111001000000
01101111010000001
10100000100111000
01010111001001110
10010100011011110
10000010110110100
01100000100001011
10100110000101010
01100000111100111
10000011100001000
10010101011101000
01011000101101000
10100010001101001
01110001010110100
01110001011110101
10100010110101100
01011001011000010
10010110101010010
10000101000101000
01100010101111111
10101000010011110
01100011001011011
10000101101111100
10010111101011100
01011010111011100
10100100011011101
01110011100101000
01110011101101001
10100101000100000
01011011100110110
10011000111000110
10000111010011100
01100100111110011
10101010100010010
01100101011001111
10000111111110000
10011001111010000
01011101001010000
10100110101010001
01110101110011100
01110101111011101
10100111010010100
01011101110101010
10011011000111010
10001001100010000
01100111001100111
10101100110000110
01100111101000011
10001010001100100
10011100001000100
01011111011000100
10101000111000101
01111000000010000
01111000001010001
10101001100001000
01100000000011110
10011101010101110
10001011110000100
01101001011011011
10101110111111010
01101001110110111
10001100011011000
10011110010111000
01100001100111000
10101011000111001
01111010010000100
01111010011000101
10101011101111100
01100010010010010
10011111100100010
10001101111111000
01101011101001111
10110001001101110
01101100000101011
10001110101001100
10100000100101100
01100011110101100
10101101010101101
01111100011111000
01111100100111001
10101101111110000
01100100100000110
10100001110010110
10010000001101100
01101101111000011
10110011011100010
01101110010011111
10010000111000000
10100010110100000
01100110000100000
10101111100100001
01111110101101100
01111110110101101
10110000001100100
01100110101111010
10100100000001010
10010010011100000
01110000000110111
10110101101010110
01110000100010011
10010011000110100
10100101000010100
01101000010010100
10110001110010101
10000000111100000
10000001000100001
10110010011011000
01101000111101110
10100110001111110
10010100101010100
01110010010101011
10110111111001010
01110010110000111
10010101010101000
10100111010001000
01101010100001000
10110100000001001
10000011001010100
10000011010010101
10110100101001100
01101011001100010
10101000011110010
10010110111001000
01110100100011111
10111010000111110
01110100111111011
10010111100011100
10101001011111100
01101100101111100
10110110001111101
10000101011001000
10000101100001001
10110110111000000
01101101011010110
10101010101100110
10011001000111100
01110110110010011
10111100010110010
01110111001101111
10011001110010000
10101011101110000
01101110111110000
10111000011110001
10000111100111100
10000111101111101
10111001000110100
01101111101001010
10101100111011010
10011011010110000
01111001000000111
10111110100100110
01111001011100011
10011100000000100
10101101111100100
01110001001100100
10111010101100101
10001001110110000
10001001111110001
10111011010101000
01110001110111110
10101111001001110
10011101100100100
01111011001111011
11000000110011010
01111011101010111
10011110001111000
10110000001011000
01110011011011000
10111100111011001
10001100000100100
10001100001100101
10111101100011100
01110100000110010
10110001011000010
10011111110011000
01111101011101111
11000011000001110
01111101111001011
10100000011101100
10110010011001100
01110101101001100
10111111001001101
10001110010011000
10001110011011001
10111111110010000
01110110010100110
10110011100110110
10100010000001100
01111111101100011
11000101010000010
10000000000111111
10100010101100000
10110100101000000
01110111111000000
11000001011000001
10010000100001100
10010000101001101
11000010000000100
01111000100011010
10110101110101010
10100100010000000
10000001111010111
11000111011110110
10000010010110011
10100100111010100
10110110110110100
01111010000110100
11000011100110101
10010010110000000
10010010111000001
11000100001111000
01111010110001110
10111000000011110
10100110011110100
10000100001001011
11001001101101010
10000100100100111
10100111001001000
10111001000101000
01111100010101000
11000101110101001
10010100111110100
10010101000110101
11000110011101100
01111101000000010
10111010010010010
10101000101101000
10000110010111111
11001011111011110
10000110110011011
10101001010111100
10111011010011100
01111110100011100
11001000000011101
10010111001101000
10010111010101001
11001000101100000
01111111001110110
10111100100000110
10101010111011100
10001000100110011
11001110001010010
10001001000001111
10101011100110000
10111101100010000
10000000110010000
11001010010010001
10011001011011100
10011001100011101
11001010111010100
10000001011101010
10111110101111010
10101101001010000
10001010110100111
11010000011000110
10001011010000011
10101101110100100
