0.0
0.0
0.0
0.001556396484375
0.0142822265625
-0.017181396484375
0.01507568359375
-0.00592041015625
0.01593017578125
-0.02716064453125
0.010528564453125
0.087127685546875
-0.238128662109375
0.3482666015625
-0.2646484375
-0.062774658203125
0.51849365234375
-0.8203125
0.72821044921875
-0.19244384765625
-0.53314208984375
1.0618896484375
-1.06884765625
0.530548095703125
0.29315185546875
-0.96795654296875
1.15966796875
-0.76336669921875
0.001983642578125
0.77117919921875
-1.147674560546875
0.957489013671875
-0.27471923828125
-0.53643798828125
1.08685302734375
-1.08013916015625
0.540069580078125
0.280303955078125
-0.94915771484375
1.1485595703125
-0.76336669921875
0.001983642578125
0.77117919921875
-1.147674560546875
0.957489013671875
-0.27471923828125
-0.53643798828125
1.08685302734375
-1.08013916015625
0.540069580078125
0.280303955078125
-0.94915771484375
1.1485595703125
-0.76336669921875
0.001983642578125
0.77117919921875
-1.147674560546875
0.957489013671875
-0.27471923828125
-0.53643798828125
1.08685302734375
-1.08013916015625
0.540069580078125
0.280303955078125
-0.94915771484375
1.1485595703125
-0.76336669921875
0.001983642578125
0.77117919921875
-1.147674560546875
0.957489013671875
-0.27471923828125
-0.53643798828125
1.08685302734375
-1.08013916015625
0.540069580078125
0.280303955078125
-0.94915771484375
1.1485595703125
-0.76336669921875
0.001983642578125
0.77117919921875
-1.147674560546875
0.957489013671875
-0.27471923828125
-0.53643798828125
1.08685302734375
-1.08013916015625
0.540069580078125
0.280303955078125
-0.94915771484375
1.1485595703125
-0.76336669921875
0.001983642578125
0.77117919921875
-1.147674560546875
0.957489013671875
-0.27471923828125
-0.53643798828125
1.08685302734375
-1.08013916015625
0.540069580078125
0.280303955078125
-0.94915771484375
1.1485595703125
-0.76336669921875
0.001983642578125
0.77117919921875
-1.147674560546875
0.957489013671875
-0.27471923828125
-0.53643798828125
1.08685302734375
-1.08013916015625
0.540069580078125
0.280303955078125
-0.94915771484375
1.1485595703125
-0.76336669921875
0.001983642578125
0.77117919921875
-1.147674560546875
0.957489013671875
-0.27471923828125
-0.53643798828125
1.08685302734375
-1.08013916015625
0.540069580078125
0.280303955078125
-0.94915771484375
1.1485595703125
-0.76336669921875
0.001983642578125
0.77117919921875
-1.147674560546875
0.957489013671875
-0.27471923828125
-0.53643798828125
1.08685302734375
-1.08013916015625
0.540069580078125
0.280303955078125
-0.94915771484375
1.1485595703125
-0.76336669921875
0.001983642578125
0.77117919921875
-1.147674560546875
0.957489013671875
-0.27471923828125
-0.53643798828125
1.08685302734375
-1.08013916015625
0.540069580078125
0.280303955078125
-0.94915771484375
1.1485595703125
-0.76336669921875
0.001983642578125
0.77117919921875
-1.147674560546875
0.957489013671875
-0.27471923828125
-0.53643798828125
1.08685302734375
-1.08013916015625
0.540069580078125
0.280303955078125
-0.94915771484375
1.1485595703125
-0.76336669921875
0.001983642578125
0.77117919921875
-1.147674560546875
0.957489013671875
-0.27471923828125
-0.53643798828125
1.08685302734375
-1.08013916015625
0.540069580078125
0.280303955078125
-0.94915771484375
1.1485595703125
-0.76336669921875
0.001983642578125
0.77117919921875
-1.147674560546875
0.957489013671875
-0.27471923828125
-0.53643798828125
1.08685302734375
-1.08013916015625
0.540069580078125
0.280303955078125
-0.94915771484375
1.1485595703125
-0.76336669921875
0.001983642578125
0.77117919921875
-1.147674560546875
0.957489013671875
-0.27471923828125
-0.53643798828125
1.08685302734375
-1.08013916015625
0.540069580078125
0.280303955078125
-0.94915771484375
1.1485595703125
-0.76336669921875
0.001983642578125
0.77117919921875
-1.147674560546875
0.957489013671875
-0.27471923828125
-0.53643798828125
1.08685302734375
-1.08013916015625
0.540069580078125
0.280303955078125
-0.94915771484375
1.1485595703125
-0.76336669921875
0.001983642578125
0.77117919921875
-1.147674560546875
0.957489013671875
-0.27471923828125
-0.53643798828125
1.08685302734375
-1.08013916015625
0.540069580078125
0.280303955078125
-0.94915771484375
1.1485595703125
-0.76336669921875
0.001983642578125
0.77117919921875
-1.147674560546875
0.957489013671875
-0.27471923828125
-0.53643798828125
1.08685302734375
-1.08013916015625
0.540069580078125
0.280303955078125
-0.94915771484375
1.1485595703125
-0.76336669921875
0.001983642578125
0.77117919921875
-1.147674560546875
0.957489013671875
-0.27471923828125
-0.53643798828125
1.08685302734375
-1.08013916015625
0.540069580078125
0.280303955078125
-0.94915771484375
1.1485595703125
-0.76336669921875
0.001983642578125
0.77117919921875
-1.147674560546875
0.957489013671875
-0.27471923828125
-0.53643798828125
1.08685302734375
-1.08013916015625
0.540069580078125
0.280303955078125
-0.94915771484375
1.1485595703125
-0.76336669921875
0.001983642578125
0.77117919921875
-1.147674560546875
0.957489013671875
-0.27471923828125
-0.53643798828125
1.08685302734375
-1.08013916015625
0.540069580078125
0.280303955078125
-0.94915771484375
1.1485595703125
-0.76336669921875
0.001983642578125
0.77117919921875
-1.147674560546875
0.957489013671875
-0.27471923828125
-0.53643798828125
1.08685302734375
-1.08013916015625
0.540069580078125
0.280303955078125
-0.94915771484375
1.1485595703125
-0.76336669921875
0.001983642578125
0.77117919921875
-1.147674560546875
0.957489013671875
-0.27471923828125
-0.53643798828125
1.08685302734375
-1.08013916015625
0.540069580078125
0.280303955078125
-0.94915771484375
1.1485595703125
-0.76336669921875
0.001983642578125
0.77117919921875
-1.147674560546875
0.957489013671875
-0.27471923828125
-0.53643798828125
1.08685302734375
-1.08013916015625
0.540069580078125
0.280303955078125
-0.94915771484375
1.1485595703125
-0.76336669921875
0.001983642578125
0.77117919921875
-1.147674560546875
0.957489013671875
-0.27471923828125
-0.53643798828125
1.08685302734375
-1.08013916015625
0.540069580078125
0.280303955078125
-0.94915771484375
1.1485595703125
-0.76336669921875
0.001983642578125
0.77117919921875
-1.147674560546875
0.957489013671875
-0.27471923828125
-0.53643798828125
1.08685302734375
-1.08013916015625
0.540069580078125
0.280303955078125
-0.94915771484375
1.1485595703125
-0.76336669921875
0.001983642578125
0.77117919921875
-1.147674560546875
0.957489013671875
-0.27471923828125
-0.53643798828125
1.08685302734375
-1.08013916015625
0.540069580078125
0.280303955078125
-0.94915771484375
1.1485595703125
-0.76336669921875
0.001983642578125
0.77117919921875
-1.147674560546875
0.957489013671875
-0.27471923828125
-0.53643798828125
1.08685302734375
-1.08013916015625
0.540069580078125
0.280303955078125
-0.94915771484375
1.1485595703125
-0.76336669921875
0.001983642578125
0.77117919921875
-1.147674560546875
0.957489013671875
-0.27471923828125
-0.53643798828125
1.08685302734375
-1.08013916015625
0.540069580078125
0.280303955078125
-0.94915771484375
1.1485595703125
-0.76336669921875
0.001983642578125
0.77117919921875
-1.147674560546875
0.957489013671875
-0.27471923828125
-0.53643798828125
1.08685302734375
-1.08013916015625
0.540069580078125
0.280303955078125
-0.94915771484375
1.1485595703125
-0.76336669921875
0.001983642578125
0.77117919921875
-1.147674560546875
0.957489013671875
-0.27471923828125
-0.53643798828125
1.08685302734375
-1.08013916015625
0.540069580078125
0.280303955078125
-0.94915771484375
1.1485595703125
-0.76336669921875
0.001983642578125
0.77117919921875
-1.147674560546875
0.957489013671875
-0.27471923828125
-0.53643798828125
1.08685302734375
-1.08013916015625
0.540069580078125
0.280303955078125
-0.94915771484375
1.1485595703125
-0.76336669921875
0.001983642578125
0.77117919921875
-1.147674560546875
0.957489013671875
-0.27471923828125
-0.53643798828125
1.08685302734375
-1.08013916015625
0.540069580078125
0.280303955078125
-0.94915771484375
1.1485595703125
-0.76336669921875
0.001983642578125
0.77117919921875
-1.147674560546875
0.957489013671875
-0.27471923828125
-0.53643798828125
1.08685302734375
-1.08013916015625
0.540069580078125
0.280303955078125
-0.94915771484375
1.1485595703125
-0.76336669921875
0.001983642578125
0.77117919921875
-1.147674560546875
0.957489013671875
-0.27471923828125
-0.53643798828125
1.08685302734375
-1.08013916015625
0.540069580078125
0.280303955078125
-0.94915771484375
1.1485595703125
-0.76336669921875
0.001983642578125
0.77117919921875
-1.147674560546875
0.957489013671875
-0.27471923828125
-0.53643798828125
1.08685302734375
-1.08013916015625
0.540069580078125
0.280303955078125
-0.94915771484375
1.1485595703125
-0.76336669921875
0.001983642578125
0.77117919921875
-1.147674560546875
0.957489013671875
-0.27471923828125
-0.53643798828125
1.08685302734375
-1.08013916015625
0.540069580078125
0.280303955078125
-0.94915771484375
1.1485595703125
-0.76336669921875
0.001983642578125
0.77117919921875
-1.147674560546875
0.957489013671875
-0.27471923828125
-0.53643798828125
1.08685302734375
-1.08013916015625
0.540069580078125
0.280303955078125
-0.94915771484375
1.1485595703125
-0.76336669921875
0.001983642578125
0.77117919921875
-1.147674560546875
0.957489013671875
-0.27471923828125
-0.53643798828125
1.08685302734375
-1.08013916015625
0.540069580078125
0.280303955078125
-0.94915771484375
1.1485595703125
-0.76336669921875
0.001983642578125
0.77117919921875
-1.147674560546875
0.957489013671875
-0.27471923828125
-0.53643798828125
1.08685302734375
-1.08013916015625
0.540069580078125
0.280303955078125
-0.94915771484375
1.1485595703125
-0.76336669921875
0.001983642578125
0.77117919921875
-1.147674560546875
0.957489013671875
-0.27471923828125
-0.53643798828125
1.08685302734375
-1.08013916015625
0.540069580078125
0.280303955078125
-0.94915771484375
1.1485595703125
-0.76336669921875
0.001983642578125
0.77117919921875
-1.147674560546875
0.957489013671875
-0.27471923828125
-0.53643798828125
1.08685302734375
-1.08013916015625
0.540069580078125
0.280303955078125
-0.94915771484375
1.1485595703125
-0.76336669921875
0.001983642578125
0.77117919921875
-1.147674560546875
0.957489013671875
-0.27471923828125
-0.53643798828125
1.08685302734375
-1.08013916015625
0.540069580078125
0.280303955078125
-0.94915771484375
1.1485595703125
-0.76336669921875
0.001983642578125
0.77117919921875
-1.147674560546875
0.957489013671875
-0.27471923828125
-0.53643798828125
1.08685302734375
-1.08013916015625
0.540069580078125
0.280303955078125
-0.94915771484375
1.1485595703125
-0.76336669921875
0.001983642578125
0.77117919921875
-1.147674560546875
0.957489013671875
-0.27471923828125
-0.53643798828125
1.08685302734375
-1.08013916015625
0.540069580078125
0.280303955078125
-0.94915771484375
1.1485595703125
-0.76336669921875
0.001983642578125
0.77117919921875
-1.147674560546875
0.957489013671875
-0.27471923828125
-0.53643798828125
1.08685302734375
-1.08013916015625
0.540069580078125
0.280303955078125
-0.94915771484375
1.1485595703125
-0.76336669921875
0.001983642578125
0.77117919921875
-1.147674560546875
0.957489013671875
-0.27471923828125
-0.53643798828125
1.08685302734375
-1.08013916015625
0.540069580078125
0.280303955078125
-0.94915771484375
1.1485595703125
-0.76336669921875
0.001983642578125
0.77117919921875
-1.147674560546875
0.957489013671875
-0.27471923828125
-0.53643798828125
1.08685302734375
-1.08013916015625
0.540069580078125
0.280303955078125
-0.94915771484375
1.1485595703125
-0.76336669921875
0.001983642578125
0.77117919921875
-1.147674560546875
0.957489013671875
-0.27471923828125
-0.53643798828125
1.08685302734375
-1.08013916015625
0.540069580078125
0.280303955078125
-0.94915771484375
1.1485595703125
-0.76336669921875
0.001983642578125
0.77117919921875
-1.147674560546875
0.957489013671875
-0.27471923828125
-0.53643798828125
1.08685302734375
-1.08013916015625
0.540069580078125
0.280303955078125
-0.94915771484375
1.1485595703125
-0.76336669921875
0.001983642578125
0.77117919921875
-1.147674560546875
0.957489013671875
-0.27471923828125
-0.53643798828125
1.08685302734375
-1.08013916015625
0.540069580078125
0.280303955078125
-0.94915771484375
1.1485595703125
-0.76336669921875
0.001983642578125
0.77117919921875
-1.147674560546875
0.957489013671875
-0.27471923828125
-0.53643798828125
1.08685302734375
-1.08013916015625
0.540069580078125
0.280303955078125
-0.94915771484375
1.1485595703125
-0.76336669921875
0.001983642578125
0.77117919921875
-1.147674560546875
0.957489013671875
-0.27471923828125
-0.53643798828125
1.08685302734375
-1.08013916015625
0.540069580078125
0.280303955078125
-0.94915771484375
1.1485595703125
-0.76336669921875
0.001983642578125
0.77117919921875
-1.147674560546875
0.957489013671875
-0.27471923828125
-0.53643798828125
1.08685302734375
-1.08013916015625
0.540069580078125
0.280303955078125
-0.94915771484375
1.1485595703125
-0.76336669921875
0.001983642578125
0.77117919921875
-1.147674560546875
0.957489013671875
-0.27471923828125
-0.53643798828125
1.08685302734375
-1.08013916015625
0.540069580078125
0.280303955078125
-0.94915771484375
1.1485595703125
-0.76336669921875
0.001983642578125
0.77117919921875
-1.147674560546875
0.957489013671875
-0.27471923828125
-0.53643798828125
1.08685302734375
-1.08013916015625
0.540069580078125
0.280303955078125
-0.94915771484375
1.1485595703125
-0.76336669921875
0.001983642578125
0.77117919921875
-1.147674560546875
0.957489013671875
-0.27471923828125
-0.53643798828125
1.08685302734375
-1.08013916015625
0.540069580078125
0.280303955078125
-0.94915771484375
1.1485595703125
-0.76336669921875
0.001983642578125
0.77117919921875
-1.147674560546875
0.957489013671875
-0.27471923828125
-0.53643798828125
1.08685302734375
-1.08013916015625
0.540069580078125
0.280303955078125
-0.94915771484375
1.1485595703125
-0.76336669921875
0.001983642578125
0.77117919921875
-1.147674560546875
0.957489013671875
-0.27471923828125
-0.53643798828125
1.08685302734375
-1.08013916015625
0.540069580078125
0.280303955078125
-0.94915771484375
1.1485595703125
-0.76336669921875
0.001983642578125
0.77117919921875
-1.147674560546875
0.957489013671875
-0.27471923828125
-0.53643798828125
1.08685302734375
-1.08013916015625
0.540069580078125
0.280303955078125
-0.94915771484375
1.1485595703125
-0.76336669921875
0.001983642578125
0.77117919921875
-1.147674560546875
0.957489013671875
-0.27471923828125
-0.53643798828125
1.08685302734375
-1.08013916015625
0.540069580078125
0.280303955078125
-0.94915771484375
1.1485595703125
-0.76336669921875
0.001983642578125
0.77117919921875
-1.147674560546875
0.957489013671875
-0.27471923828125
-0.53643798828125
1.08685302734375
-1.08013916015625
0.540069580078125
0.280303955078125
-0.94915771484375
1.1485595703125
-0.76336669921875
0.001983642578125
0.77117919921875
-1.147674560546875
0.957489013671875
-0.27471923828125
-0.53643798828125
1.08685302734375
-1.08013916015625
0.540069580078125
0.280303955078125
-0.94915771484375
1.1485595703125
-0.76336669921875
0.001983642578125
0.77117919921875
-1.147674560546875
0.957489013671875
-0.27471923828125
-0.53643798828125
1.08685302734375
-1.08013916015625
0.540069580078125
0.280303955078125
-0.94915771484375
1.1485595703125
-0.76336669921875
0.001983642578125
0.77117919921875
-1.147674560546875
0.957489013671875
-0.27471923828125
-0.53643798828125
1.08685302734375
-1.08013916015625
0.540069580078125
0.280303955078125
-0.94915771484375
1.1485595703125
-0.76336669921875
0.001983642578125
0.77117919921875
-1.147674560546875
0.957489013671875
-0.27471923828125
-0.53643798828125
1.08685302734375
-1.08013916015625
0.540069580078125
0.280303955078125
-0.94915771484375
1.1485595703125
-0.76336669921875
0.001983642578125
0.77117919921875
-1.147674560546875
0.957489013671875
-0.27471923828125
-0.53643798828125
1.08685302734375
-1.08013916015625
0.540069580078125
0.280303955078125
-0.94915771484375
1.1485595703125
-0.76336669921875
0.001983642578125
0.77117919921875
-1.147674560546875
0.957489013671875
-0.27471923828125
-0.53643798828125
1.08685302734375
-1.08013916015625
0.540069580078125
0.280303955078125
-0.94915771484375
1.1485595703125
-0.76336669921875
0.001983642578125
0.77117919921875
-1.147674560546875
0.957489013671875
-0.27471923828125
-0.53643798828125
1.08685302734375
-1.08013916015625
0.540069580078125
0.280303955078125
-0.94915771484375
1.1485595703125
-0.76336669921875
0.001983642578125
0.77117919921875
-1.147674560546875
0.957489013671875
-0.27471923828125
-0.53643798828125
1.08685302734375
-1.08013916015625
0.540069580078125
0.280303955078125
-0.94915771484375
1.1485595703125
-0.76336669921875
0.001983642578125
0.77117919921875
-1.147674560546875
0.957489013671875
-0.27471923828125
-0.53643798828125
1.08685302734375
-1.08013916015625
0.540069580078125
0.280303955078125
-0.94915771484375
1.1485595703125
-0.76336669921875
0.001983642578125
0.77117919921875
-1.147674560546875
0.957489013671875
-0.27471923828125
-0.53643798828125
1.08685302734375
-1.08013916015625
0.540069580078125
0.280303955078125
-0.94915771484375
1.1485595703125
-0.76336669921875
0.001983642578125
0.77117919921875
-1.147674560546875
0.957489013671875
-0.27471923828125
-0.53643798828125
1.08685302734375
-1.08013916015625
0.540069580078125
0.280303955078125
-0.94915771484375
1.1485595703125
-0.76336669921875
0.001983642578125
0.77117919921875
-1.147674560546875
0.957489013671875
-0.27471923828125
-0.53643798828125
1.08685302734375
-1.08013916015625
0.540069580078125
0.280303955078125
-0.94915771484375
1.1485595703125
-0.76336669921875
0.001983642578125
0.77117919921875
-1.147674560546875
0.957489013671875
-0.27471923828125
-0.53643798828125
1.08685302734375
-1.08013916015625
0.540069580078125
0.280303955078125
-0.94915771484375
1.1485595703125
-0.76336669921875
0.001983642578125
0.77117919921875
-1.147674560546875
0.957489013671875
-0.27471923828125
-0.53643798828125
1.08685302734375
-1.08013916015625
0.540069580078125
