0000000000011
0000000011101
1111111011100
0000000011110
1111111110011
0000000100000
1111111000111
0000000010101
0000010110010
1111000010111
0001011001000
1110111100001
1111101111110
0010000100101
1100101101111
0010111010010
1111001110101
1101110111011
0100001111101
1011101110010
0010000111101
0001001010111
1100001000000
0100101000110
1100111100011
0000000000011
0011000101010
1011011010000
0011110101000
1110111001100
1101110110100
0100010110001
1011101011011
0010001010001
0001000111101
1100001100111
0100100101111
1100111100011
0000000000011
0011000101010
1011011010000
0011110101000
1110111001100
1101110110100
0100010110001
1011101011011
0010001010001
0001000111101
1100001100111
0100100101111
1100111100011
0000000000011
0011000101010
1011011010000
0011110101000
1110111001100
1101110110100
0100010110001
1011101011011
0010001010001
0001000111101
1100001100111
0100100101111
1100111100011
0000000000011
0011000101010
1011011010000
0011110101000
1110111001100
1101110110100
0100010110001
1011101011011
0010001010001
0001000111101
1100001100111
0100100101111
1100111100011
0000000000011
0011000101010
1011011010000
0011110101000
1110111001100
1101110110100
0100010110001
1011101011011
0010001010001
0001000111101
1100001100111
0100100101111
1100111100011
0000000000011
0011000101010
1011011010000
0011110101000
1110111001100
1101110110100
0100010110001
1011101011011
0010001010001
0001000111101
1100001100111
0100100101111
1100111100011
0000000000011
0011000101010
1011011010000
0011110101000
1110111001100
1101110110100
0100010110001
1011101011011
0010001010001
0001000111101
1100001100111
0100100101111
1100111100011
0000000000011
0011000101010
1011011010000
0011110101000
1110111001100
1101110110100
0100010110001
1011101011011
0010001010001
0001000111101
1100001100111
0100100101111
1100111100011
0000000000011
0011000101010
1011011010000
0011110101000
1110111001100
1101110110100
0100010110001
1011101011011
0010001010001
0001000111101
1100001100111
0100100101111
1100111100011
0000000000011
0011000101010
1011011010000
0011110101000
1110111001100
1101110110100
0100010110001
1011101011011
0010001010001
0001000111101
1100001100111
0100100101111
1100111100011
0000000000011
0011000101010
1011011010000
0011110101000
1110111001100
1101110110100
0100010110001
1011101011011
0010001010001
0001000111101
1100001100111
0100100101111
1100111100011
0000000000011
0011000101010
1011011010000
0011110101000
1110111001100
1101110110100
0100010110001
1011101011011
0010001010001
0001000111101
1100001100111
0100100101111
1100111100011
0000000000011
0011000101010
1011011010000
0011110101000
1110111001100
1101110110100
0100010110001
1011101011011
0010001010001
0001000111101
1100001100111
0100100101111
1100111100011
0000000000011
0011000101010
1011011010000
0011110101000
1110111001100
1101110110100
0100010110001
1011101011011
0010001010001
0001000111101
1100001100111
0100100101111
1100111100011
0000000000011
0011000101010
1011011010000
0011110101000
1110111001100
1101110110100
0100010110001
1011101011011
0010001010001
0001000111101
1100001100111
0100100101111
1100111100011
0000000000011
0011000101010
1011011010000
0011110101000
1110111001100
1101110110100
0100010110001
1011101011011
0010001010001
0001000111101
1100001100111
0100100101111
1100111100011
0000000000011
0011000101010
1011011010000
0011110101000
1110111001100
1101110110100
0100010110001
1011101011011
0010001010001
0001000111101
1100001100111
0100100101111
1100111100011
0000000000011
0011000101010
1011011010000
0011110101000
1110111001100
1101110110100
0100010110001
1011101011011
0010001010001
0001000111101
1100001100111
0100100101111
1100111100011
0000000000011
0011000101010
1011011010000
0011110101000
1110111001100
1101110110100
0100010110001
1011101011011
0010001010001
0001000111101
1100001100111
0100100101111
1100111100011
0000000000011
0011000101010
1011011010000
0011110101000
1110111001100
1101110110100
0100010110001
1011101011011
0010001010001
0001000111101
1100001100111
0100100101111
1100111100011
0000000000011
0011000101010
1011011010000
0011110101000
1110111001100
1101110110100
0100010110001
1011101011011
0010001010001
0001000111101
1100001100111
0100100101111
1100111100011
0000000000011
0011000101010
1011011010000
0011110101000
1110111001100
1101110110100
0100010110001
1011101011011
0010001010001
0001000111101
1100001100111
0100100101111
1100111100011
0000000000011
0011000101010
1011011010000
0011110101000
1110111001100
1101110110100
0100010110001
1011101011011
0010001010001
0001000111101
1100001100111
0100100101111
1100111100011
0000000000011
0011000101010
1011011010000
0011110101000
1110111001100
1101110110100
0100010110001
1011101011011
0010001010001
0001000111101
1100001100111
0100100101111
1100111100011
0000000000011
0011000101010
1011011010000
0011110101000
1110111001100
1101110110100
0100010110001
1011101011011
0010001010001
0001000111101
1100001100111
0100100101111
1100111100011
0000000000011
0011000101010
1011011010000
0011110101000
1110111001100
1101110110100
0100010110001
1011101011011
0010001010001
0001000111101
1100001100111
0100100101111
1100111100011
0000000000011
0011000101010
1011011010000
0011110101000
1110111001100
1101110110100
0100010110001
1011101011011
0010001010001
0001000111101
1100001100111
0100100101111
1100111100011
0000000000011
0011000101010
1011011010000
0011110101000
1110111001100
1101110110100
0100010110001
1011101011011
0010001010001
0001000111101
1100001100111
0100100101111
1100111100011
0000000000011
0011000101010
1011011010000
0011110101000
1110111001100
1101110110100
0100010110001
1011101011011
0010001010001
0001000111101
1100001100111
0100100101111
1100111100011
0000000000011
0011000101010
1011011010000
0011110101000
1110111001100
1101110110100
0100010110001
1011101011011
0010001010001
0001000111101
1100001100111
0100100101111
1100111100011
0000000000011
0011000101010
1011011010000
0011110101000
1110111001100
1101110110100
0100010110001
1011101011011
0010001010001
0001000111101
1100001100111
0100100101111
1100111100011
0000000000011
0011000101010
1011011010000
0011110101000
1110111001100
1101110110100
0100010110001
1011101011011
0010001010001
0001000111101
1100001100111
0100100101111
1100111100011
0000000000011
0011000101010
1011011010000
0011110101000
1110111001100
1101110110100
0100010110001
1011101011011
0010001010001
0001000111101
1100001100111
0100100101111
1100111100011
0000000000011
0011000101010
1011011010000
0011110101000
1110111001100
1101110110100
0100010110001
1011101011011
0010001010001
0001000111101
1100001100111
0100100101111
1100111100011
0000000000011
0011000101010
1011011010000
0011110101000
1110111001100
1101110110100
0100010110001
1011101011011
0010001010001
0001000111101
1100001100111
0100100101111
1100111100011
0000000000011
0011000101010
1011011010000
0011110101000
1110111001100
1101110110100
0100010110001
1011101011011
0010001010001
0001000111101
1100001100111
0100100101111
1100111100011
0000000000011
0011000101010
1011011010000
0011110101000
1110111001100
1101110110100
0100010110001
1011101011011
0010001010001
0001000111101
1100001100111
0100100101111
1100111100011
0000000000011
0011000101010
1011011010000
0011110101000
1110111001100
1101110110100
0100010110001
1011101011011
0010001010001
0001000111101
1100001100111
0100100101111
1100111100011
0000000000011
0011000101010
1011011010000
0011110101000
1110111001100
1101110110100
0100010110001
1011101011011
0010001010001
0001000111101
1100001100111
0100100101111
1100111100011
0000000000011
0011000101010
1011011010000
0011110101000
1110111001100
1101110110100
0100010110001
1011101011011
0010001010001
0001000111101
1100001100111
0100100101111
1100111100011
0000000000011
0011000101010
1011011010000
0011110101000
1110111001100
1101110110100
0100010110001
1011101011011
0010001010001
0001000111101
1100001100111
0100100101111
1100111100011
0000000000011
0011000101010
1011011010000
0011110101000
1110111001100
1101110110100
0100010110001
1011101011011
0010001010001
0001000111101
1100001100111
0100100101111
1100111100011
0000000000011
0011000101010
1011011010000
0011110101000
1110111001100
1101110110100
0100010110001
1011101011011
0010001010001
0001000111101
1100001100111
0100100101111
1100111100011
0000000000011
0011000101010
1011011010000
0011110101000
1110111001100
1101110110100
0100010110001
1011101011011
0010001010001
0001000111101
1100001100111
0100100101111
1100111100011
0000000000011
0011000101010
1011011010000
0011110101000
1110111001100
1101110110100
0100010110001
1011101011011
0010001010001
0001000111101
1100001100111
0100100101111
1100111100011
0000000000011
0011000101010
1011011010000
0011110101000
1110111001100
1101110110100
0100010110001
1011101011011
0010001010001
0001000111101
1100001100111
0100100101111
1100111100011
0000000000011
0011000101010
1011011010000
0011110101000
1110111001100
1101110110100
0100010110001
1011101011011
0010001010001
0001000111101
1100001100111
0100100101111
1100111100011
0000000000011
0011000101010
1011011010000
0011110101000
1110111001100
1101110110100
0100010110001
1011101011011
0010001010001
0001000111101
1100001100111
0100100101111
1100111100011
0000000000011
0011000101010
1011011010000
0011110101000
1110111001100
1101110110100
0100010110001
1011101011011
0010001010001
0001000111101
1100001100111
0100100101111
1100111100011
0000000000011
0011000101010
1011011010000
0011110101000
1110111001100
1101110110100
0100010110001
1011101011011
0010001010001
0001000111101
1100001100111
0100100101111
1100111100011
0000000000011
0011000101010
1011011010000
0011110101000
1110111001100
1101110110100
0100010110001
1011101011011
0010001010001
0001000111101
1100001100111
0100100101111
1100111100011
0000000000011
0011000101010
1011011010000
0011110101000
1110111001100
1101110110100
0100010110001
1011101011011
0010001010001
0001000111101
1100001100111
0100100101111
1100111100011
0000000000011
0011000101010
1011011010000
0011110101000
1110111001100
1101110110100
0100010110001
1011101011011
0010001010001
0001000111101
1100001100111
0100100101111
1100111100011
0000000000011
0011000101010
1011011010000
0011110101000
1110111001100
1101110110100
0100010110001
1011101011011
0010001010001
0001000111101
1100001100111
0100100101111
1100111100011
0000000000011
0011000101010
1011011010000
0011110101000
1110111001100
1101110110100
0100010110001
1011101011011
0010001010001
0001000111101
1100001100111
0100100101111
1100111100011
0000000000011
0011000101010
1011011010000
0011110101000
1110111001100
1101110110100
0100010110001
1011101011011
0010001010001
0001000111101
1100001100111
0100100101111
1100111100011
0000000000011
0011000101010
1011011010000
0011110101000
1110111001100
1101110110100
0100010110001
1011101011011
0010001010001
0001000111101
1100001100111
0100100101111
1100111100011
0000000000011
0011000101010
1011011010000
0011110101000
1110111001100
1101110110100
0100010110001
1011101011011
0010001010001
0001000111101
1100001100111
0100100101111
1100111100011
0000000000011
0011000101010
1011011010000
0011110101000
1110111001100
1101110110100
0100010110001
1011101011011
0010001010001
0001000111101
1100001100111
0100100101111
1100111100011
0000000000011
0011000101010
1011011010000
0011110101000
1110111001100
1101110110100
0100010110001
1011101011011
0010001010001
0001000111101
1100001100111
0100100101111
1100111100011
0000000000011
0011000101010
1011011010000
0011110101000
1110111001100
1101110110100
0100010110001
1011101011011
0010001010001
0001000111101
1100001100111
0100100101111
1100111100011
0000000000011
0011000101010
1011011010000
0011110101000
1110111001100
1101110110100
0100010110001
1011101011011
0010001010001
0001000111101
1100001100111
0100100101111
1100111100011
0000000000011
0011000101010
1011011010000
0011110101000
1110111001100
1101110110100
0100010110001
1011101011011
0010001010001
0001000111101
1100001100111
0100100101111
1100111100011
0000000000011
0011000101010
1011011010000
0011110101000
1110111001100
1101110110100
0100010110001
1011101011011
0010001010001
0001000111101
1100001100111
0100100101111
1100111100011
0000000000011
0011000101010
1011011010000
0011110101000
1110111001100
1101110110100
0100010110001
1011101011011
0010001010001
0001000111101
1100001100111
0100100101111
1100111100011
0000000000011
0011000101010
1011011010000
0011110101000
1110111001100
1101110110100
0100010110001
1011101011011
0010001010001
0001000111101
1100001100111
0100100101111
1100111100011
0000000000011
0011000101010
1011011010000
0011110101000
1110111001100
1101110110100
0100010110001
1011101011011
0010001010001
0001000111101
1100001100111
0100100101111
1100111100011
0000000000011
0011000101010
1011011010000
0011110101000
1110111001100
1101110110100
0100010110001
1011101011011
0010001010001
0001000111101
1100001100111
0100100101111
1100111100011
0000000000011
0011000101010
1011011010000
0011110101000
1110111001100
1101110110100
0100010110001
1011101011011
0010001010001
0001000111101
1100001100111
0100100101111
1100111100011
0000000000011
0011000101010
1011011010000
0011110101000
1110111001100
1101110110100
0100010110001
1011101011011
0010001010001
0001000111101
1100001100111
0100100101111
1100111100011
0000000000011
0011000101010
1011011010000
0011110101000
1110111001100
1101110110100
0100010110001
1011101011011
0010001010001
0001000111101
1100001100111
0100100101111
1100111100011
0000000000011
0011000101010
1011011010000
0011110101000
1110111001100
1101110110100
0100010110001
1011101011011
0010001010001
0001000111101
1100001100111
0100100101111
1100111100011
0000000000011
0011000101010
1011011010000
0011110101000
1110111001100
1101110110100
0100010110001
1011101011011
0010001010001
0001000111101
1100001100111
0100100101111
1100111100011
0000000000011
0011000101010
1011011010000
0011110101000
1110111001100
1101110110100
0100010110001
1011101011011
0010001010001
0001000111101
1100001100111
0100100101111
1100111100011
0000000000011
0011000101010
1011011010000
0011110101000
1110111001100
1101110110100
0100010110001
1011101011011
0010001010001
0000000000000
0000000000000
0000000000000

