00000000000000000
00000000000000000
00000000000000000
00000000000110011
00000000111010011
11111110111001110
00000000111101101
11111111100111110
00000001000001010
11111110010000111
00000000101011001
00000101100100111
11110000110000101
00010110010010100
11101111000100001
11111011111110111
00100001001011110
11001011100000001
00101110100110101
11110011101011111
11011101111000011
01000011111101100
10111011100110001
00100001111101001
00010010110000101
11000010000011011
01001010001110000
11001111001001011
00000000001000000
00110001010110110
10110110100011001
00111101010001110
11101110011010110
11011101101010111
01000101100011110
10111010110111111
00100010100100001
00010001111100000
11000011010000011
01001001100000100
11001111001001011
00000000001000000
00110001010110110
10110110100011001
00111101010001110
11101110011010110
11011101101010111
01000101100011110
10111010110111111
00100010100100001
00010001111100000
11000011010000011
01001001100000100
11001111001001011
00000000001000000
00110001010110110
10110110100011001
00111101010001110
11101110011010110
11011101101010111
01000101100011110
10111010110111111
00100010100100001
00010001111100000
11000011010000011
01001001100000100
11001111001001011
00000000001000000
00110001010110110
10110110100011001
00111101010001110
11101110011010110
11011101101010111
01000101100011110
10111010110111111
00100010100100001
00010001111100000
11000011010000011
01001001100000100
11001111001001011
00000000001000000
00110001010110110
10110110100011001
00111101010001110
11101110011010110
11011101101010111
01000101100011110
10111010110111111
00100010100100001
00010001111100000
11000011010000011
01001001100000100
11001111001001011
00000000001000000
00110001010110110
10110110100011001
00111101010001110
11101110011010110
11011101101010111
01000101100011110
10111010110111111
00100010100100001
00010001111100000
11000011010000011
01001001100000100
11001111001001011
00000000001000000
00110001010110110
10110110100011001
00111101010001110
11101110011010110
11011101101010111
01000101100011110
10111010110111111
00100010100100001
00010001111100000
11000011010000011
01001001100000100
11001111001001011
00000000001000000
00110001010110110
10110110100011001
00111101010001110
11101110011010110
11011101101010111
01000101100011110
10111010110111111
00100010100100001
00010001111100000
11000011010000011
01001001100000100
11001111001001011
00000000001000000
00110001010110110
10110110100011001
00111101010001110
11101110011010110
11011101101010111
01000101100011110
10111010110111111
00100010100100001
00010001111100000
11000011010000011
01001001100000100
11001111001001011
00000000001000000
00110001010110110
10110110100011001
00111101010001110
11101110011010110
11011101101010111
01000101100011110
10111010110111111
00100010100100001
00010001111100000
11000011010000011
01001001100000100
11001111001001011
00000000001000000
00110001010110110
10110110100011001
00111101010001110
11101110011010110
11011101101010111
01000101100011110
10111010110111111
00100010100100001
00010001111100000
11000011010000011
01001001100000100
11001111001001011
00000000001000000
00110001010110110
10110110100011001
00111101010001110
11101110011010110
11011101101010111
01000101100011110
10111010110111111
00100010100100001
00010001111100000
11000011010000011
01001001100000100
11001111001001011
00000000001000000
00110001010110110
10110110100011001
00111101010001110
11101110011010110
11011101101010111
01000101100011110
10111010110111111
00100010100100001
00010001111100000
11000011010000011
01001001100000100
11001111001001011
00000000001000000
00110001010110110
10110110100011001
00111101010001110
11101110011010110
11011101101010111
01000101100011110
10111010110111111
00100010100100001
00010001111100000
11000011010000011
01001001100000100
11001111001001011
00000000001000000
00110001010110110
10110110100011001
00111101010001110
11101110011010110
11011101101010111
01000101100011110
10111010110111111
00100010100100001
00010001111100000
11000011010000011
01001001100000100
11001111001001011
00000000001000000
00110001010110110
10110110100011001
00111101010001110
11101110011010110
11011101101010111
01000101100011110
10111010110111111
00100010100100001
00010001111100000
11000011010000011
01001001100000100
11001111001001011
00000000001000000
00110001010110110
10110110100011001
00111101010001110
11101110011010110
11011101101010111
01000101100011110
10111010110111111
00100010100100001
00010001111100000
11000011010000011
01001001100000100
11001111001001011
00000000001000000
00110001010110110
10110110100011001
00111101010001110
11101110011010110
11011101101010111
01000101100011110
10111010110111111
00100010100100001
00010001111100000
11000011010000011
01001001100000100
11001111001001011
00000000001000000
00110001010110110
10110110100011001
00111101010001110
11101110011010110
11011101101010111
01000101100011110
10111010110111111
00100010100100001
00010001111100000
11000011010000011
01001001100000100
11001111001001011
00000000001000000
00110001010110110
10110110100011001
00111101010001110
11101110011010110
11011101101010111
01000101100011110
10111010110111111
00100010100100001
00010001111100000
11000011010000011
01001001100000100
11001111001001011
00000000001000000
00110001010110110
10110110100011001
00111101010001110
11101110011010110
11011101101010111
01000101100011110
10111010110111111
00100010100100001
00010001111100000
11000011010000011
01001001100000100
11001111001001011
00000000001000000
00110001010110110
10110110100011001
00111101010001110
11101110011010110
11011101101010111
01000101100011110
10111010110111111
00100010100100001
00010001111100000
11000011010000011
01001001100000100
11001111001001011
00000000001000000
00110001010110110
10110110100011001
00111101010001110
11101110011010110
11011101101010111
01000101100011110
10111010110111111
00100010100100001
00010001111100000
11000011010000011
01001001100000100
11001111001001011
00000000001000000
00110001010110110
10110110100011001
00111101010001110
11101110011010110
11011101101010111
01000101100011110
10111010110111111
00100010100100001
00010001111100000
11000011010000011
01001001100000100
11001111001001011
00000000001000000
00110001010110110
10110110100011001
00111101010001110
11101110011010110
11011101101010111
01000101100011110
10111010110111111
00100010100100001
00010001111100000
11000011010000011
01001001100000100
11001111001001011
00000000001000000
00110001010110110
10110110100011001
00111101010001110
11101110011010110
11011101101010111
01000101100011110
10111010110111111
00100010100100001
00010001111100000
11000011010000011
01001001100000100
11001111001001011
00000000001000000
00110001010110110
10110110100011001
00111101010001110
11101110011010110
11011101101010111
01000101100011110
10111010110111111
00100010100100001
00010001111100000
11000011010000011
01001001100000100
11001111001001011
00000000001000000
00110001010110110
10110110100011001
00111101010001110
11101110011010110
11011101101010111
01000101100011110
10111010110111111
00100010100100001
00010001111100000
11000011010000011
01001001100000100
11001111001001011
00000000001000000
00110001010110110
10110110100011001
00111101010001110
11101110011010110
11011101101010111
01000101100011110
10111010110111111
00100010100100001
00010001111100000
11000011010000011
01001001100000100
11001111001001011
00000000001000000
00110001010110110
10110110100011001
00111101010001110
11101110011010110
11011101101010111
01000101100011110
10111010110111111
00100010100100001
00010001111100000
11000011010000011
01001001100000100
11001111001001011
00000000001000000
00110001010110110
10110110100011001
00111101010001110
11101110011010110
11011101101010111
01000101100011110
10111010110111111
00100010100100001
00010001111100000
11000011010000011
01001001100000100
11001111001001011
00000000001000000
00110001010110110
10110110100011001
00111101010001110
11101110011010110
11011101101010111
01000101100011110
10111010110111111
00100010100100001
00010001111100000
11000011010000011
01001001100000100
11001111001001011
00000000001000000
00110001010110110
10110110100011001
00111101010001110
11101110011010110
11011101101010111
01000101100011110
10111010110111111
00100010100100001
00010001111100000
11000011010000011
01001001100000100
11001111001001011
00000000001000000
00110001010110110
10110110100011001
00111101010001110
11101110011010110
11011101101010111
01000101100011110
10111010110111111
00100010100100001
00010001111100000
11000011010000011
01001001100000100
11001111001001011
00000000001000000
00110001010110110
10110110100011001
00111101010001110
11101110011010110
11011101101010111
01000101100011110
10111010110111111
00100010100100001
00010001111100000
11000011010000011
01001001100000100
11001111001001011
00000000001000000
00110001010110110
10110110100011001
00111101010001110
11101110011010110
11011101101010111
01000101100011110
10111010110111111
00100010100100001
00010001111100000
11000011010000011
01001001100000100
11001111001001011
00000000001000000
00110001010110110
10110110100011001
00111101010001110
11101110011010110
11011101101010111
01000101100011110
10111010110111111
00100010100100001
00010001111100000
11000011010000011
01001001100000100
11001111001001011
00000000001000000
00110001010110110
10110110100011001
00111101010001110
11101110011010110
11011101101010111
01000101100011110
10111010110111111
00100010100100001
00010001111100000
11000011010000011
01001001100000100
11001111001001011
00000000001000000
00110001010110110
10110110100011001
00111101010001110
11101110011010110
11011101101010111
01000101100011110
10111010110111111
00100010100100001
00010001111100000
11000011010000011
01001001100000100
11001111001001011
00000000001000000
00110001010110110
10110110100011001
00111101010001110
11101110011010110
11011101101010111
01000101100011110
10111010110111111
00100010100100001
00010001111100000
11000011010000011
01001001100000100
11001111001001011
00000000001000000
00110001010110110
10110110100011001
00111101010001110
11101110011010110
11011101101010111
01000101100011110
10111010110111111
00100010100100001
00010001111100000
11000011010000011
01001001100000100
11001111001001011
00000000001000000
00110001010110110
10110110100011001
00111101010001110
11101110011010110
11011101101010111
01000101100011110
10111010110111111
00100010100100001
00010001111100000
11000011010000011
01001001100000100
11001111001001011
00000000001000000
00110001010110110
10110110100011001
00111101010001110
11101110011010110
11011101101010111
01000101100011110
10111010110111111
00100010100100001
00010001111100000
11000011010000011
01001001100000100
11001111001001011
00000000001000000
00110001010110110
10110110100011001
00111101010001110
11101110011010110
11011101101010111
01000101100011110
10111010110111111
00100010100100001
00010001111100000
11000011010000011
01001001100000100
11001111001001011
00000000001000000
00110001010110110
10110110100011001
00111101010001110
11101110011010110
11011101101010111
01000101100011110
10111010110111111
00100010100100001
00010001111100000
11000011010000011
01001001100000100
11001111001001011
00000000001000000
00110001010110110
10110110100011001
00111101010001110
11101110011010110
11011101101010111
01000101100011110
10111010110111111
00100010100100001
00010001111100000
11000011010000011
01001001100000100
11001111001001011
00000000001000000
00110001010110110
10110110100011001
00111101010001110
11101110011010110
11011101101010111
01000101100011110
10111010110111111
00100010100100001
00010001111100000
11000011010000011
01001001100000100
11001111001001011
00000000001000000
00110001010110110
10110110100011001
00111101010001110
11101110011010110
11011101101010111
01000101100011110
10111010110111111
00100010100100001
00010001111100000
11000011010000011
01001001100000100
11001111001001011
00000000001000000
00110001010110110
10110110100011001
00111101010001110
11101110011010110
11011101101010111
01000101100011110
10111010110111111
00100010100100001
00010001111100000
11000011010000011
01001001100000100
11001111001001011
00000000001000000
00110001010110110
10110110100011001
00111101010001110
11101110011010110
11011101101010111
01000101100011110
10111010110111111
00100010100100001
00010001111100000
11000011010000011
01001001100000100
11001111001001011
00000000001000000
00110001010110110
10110110100011001
00111101010001110
11101110011010110
11011101101010111
01000101100011110
10111010110111111
00100010100100001
00010001111100000
11000011010000011
01001001100000100
11001111001001011
00000000001000000
00110001010110110
10110110100011001
00111101010001110
11101110011010110
11011101101010111
01000101100011110
10111010110111111
00100010100100001
00010001111100000
11000011010000011
01001001100000100
11001111001001011
00000000001000000
00110001010110110
10110110100011001
00111101010001110
11101110011010110
11011101101010111
01000101100011110
10111010110111111
00100010100100001
00010001111100000
11000011010000011
01001001100000100
11001111001001011
00000000001000000
00110001010110110
10110110100011001
00111101010001110
11101110011010110
11011101101010111
01000101100011110
10111010110111111
00100010100100001
00010001111100000
11000011010000011
01001001100000100
11001111001001011
00000000001000000
00110001010110110
10110110100011001
00111101010001110
11101110011010110
11011101101010111
01000101100011110
10111010110111111
00100010100100001
00010001111100000
11000011010000011
01001001100000100
11001111001001011
00000000001000000
00110001010110110
10110110100011001
00111101010001110
11101110011010110
11011101101010111
01000101100011110
10111010110111111
00100010100100001
00010001111100000
11000011010000011
01001001100000100
11001111001001011
00000000001000000
00110001010110110
10110110100011001
00111101010001110
11101110011010110
11011101101010111
01000101100011110
10111010110111111
00100010100100001
00010001111100000
11000011010000011
01001001100000100
11001111001001011
00000000001000000
00110001010110110
10110110100011001
00111101010001110
11101110011010110
11011101101010111
01000101100011110
10111010110111111
00100010100100001
00010001111100000
11000011010000011
01001001100000100
11001111001001011
00000000001000000
00110001010110110
10110110100011001
00111101010001110
11101110011010110
11011101101010111
01000101100011110
10111010110111111
00100010100100001
00010001111100000
11000011010000011
01001001100000100
11001111001001011
00000000001000000
00110001010110110
10110110100011001
00111101010001110
11101110011010110
11011101101010111
01000101100011110
10111010110111111
00100010100100001
00010001111100000
11000011010000011
01001001100000100
11001111001001011
00000000001000000
00110001010110110
10110110100011001
00111101010001110
11101110011010110
11011101101010111
01000101100011110
10111010110111111
00100010100100001
00010001111100000
11000011010000011
01001001100000100
11001111001001011
00000000001000000
00110001010110110
10110110100011001
00111101010001110
11101110011010110
11011101101010111
01000101100011110
10111010110111111
00100010100100001
00010001111100000
11000011010000011
01001001100000100
11001111001001011
00000000001000000
00110001010110110
10110110100011001
00111101010001110
11101110011010110
11011101101010111
01000101100011110
10111010110111111
00100010100100001
00010001111100000
11000011010000011
01001001100000100
11001111001001011
00000000001000000
00110001010110110
10110110100011001
00111101010001110
11101110011010110
11011101101010111
01000101100011110
10111010110111111
00100010100100001
00010001111100000
11000011010000011
01001001100000100
11001111001001011
00000000001000000
00110001010110110
10110110100011001
00111101010001110
11101110011010110
11011101101010111
01000101100011110
10111010110111111
00100010100100001
00010001111100000
11000011010000011
01001001100000100
11001111001001011
00000000001000000
00110001010110110
10110110100011001
00111101010001110
11101110011010110
11011101101010111
01000101100011110
10111010110111111
00100010100100001
00010001111100000
11000011010000011
01001001100000100
11001111001001011
00000000001000000
00110001010110110
10110110100011001
00111101010001110
11101110011010110
11011101101010111
01000101100011110
10111010110111111
00100010100100001
00010001111100000
11000011010000011
01001001100000100
11001111001001011
00000000001000000
00110001010110110
10110110100011001
00111101010001110
11101110011010110
11011101101010111
01000101100011110
10111010110111111
00100010100100001
00010001111100000
11000011010000011
01001001100000100
11001111001001011
00000000001000000
00110001010110110
10110110100011001
00111101010001110
11101110011010110
11011101101010111
01000101100011110
10111010110111111
00100010100100001
00010001111100000
11000011010000011
01001001100000100
11001111001001011
00000000001000000
00110001010110110
10110110100011001
00111101010001110
11101110011010110
11011101101010111
01000101100011110
10111010110111111
00100010100100001
00010001111100000
11000011010000011
01001001100000100
11001111001001011
00000000001000000
00110001010110110
10110110100011001
00111101010001110
11101110011010110
11011101101010111
01000101100011110
10111010110111111
00100010100100001
00010001111100000
11000011010000011
01001001100000100
11001111001001011
00000000001000000
00110001010110110
10110110100011001
00111101010001110
11101110011010110
11011101101010111
01000101100011110
10111010110111111
00100010100100001
00010001111100000
11000011010000011
01001001100000100
11001111001001011
00000000001000000
00110001010110110
10110110100011001
00111101010001110
11101110011010110
11011101101010111
01000101100011110
10111010110111111
00100010100100001
00010001111100000
11000011010000011
01001001100000100
11001111001001011
00000000001000000
00110001010110110
10110110100011001
00111101010001110
11101110011010110
11011101101010111
01000101100011110
10111010110111111
00100010100100001
00010001111100000
11000011010000011
01001001100000100
11001111001001011
00000000001000000
00110001010110110
10110110100011001
00111101010001110
11101110011010110
11011101101010111
01000101100011110
10111010110111111
00100010100100001
